质量_A
t	y	x
5.933333333333334	-57.0	-113.0
6.0	-29.191719823734275	-122.11011816670839
6.066666666666666	0.38251049370364854	-125.42518366855347
6.133333333333333	28.916919823110902	-121.14235346670489
6.2	55.019511252776965	-110.6613719052267
6.266666666666667	79.55282498851648	-95.34114401181318
6.333333333333333	99.42538809568964	-74.66210774139586
6.4	114.6147152216729	-49.80546799224055
6.466666666666667	122.90482404445197	-21.527729729729685
6.533333333333333	123.51142803173389	7.315248112768813
6.6	118.10828689888285	35.78979608787745
6.666666666666667	106.83364123406614	61.57771191464144
6.733333333333333	89.62415009621554	84.96332661573797
6.8	67.22565914650704	103.62292525128032
6.866666666666666	40.60794914239432	116.63049225271106
6.933333333333334	12.26584824524889	123.51211490227615
7.0	-17.337289915966267	123.99306994818653
7.066666666666666	-45.29939570519036	117.21790612488303
7.133333333333333	-71.93888798037597	103.19550973212563
7.2	-94.85364046846325	83.56387675543647
7.266666666666667	-113.08205381772768	59.40344201633752
7.333333333333333	-124.29542755344414	31.272457706473574
7.3999999999999995	-129.6132759680395	2.1901418592929076
7.466666666666667	-126.87763407291777	-26.69336722629464
7.533333333333333	-116.44625897614083	-54.73509353078725
7.6	-100.07184168745744	-79.19772064109611
7.666666666666667	-78.36062050474538	-99.33220368140383
7.733333333333333	-52.74396986661122	-114.41837389247485
7.8	-25.75512696699434	-122.12940950249981
7.866666666666666	4.756730194000511	-124.26228731916012
7.933333333333334	34.128707700877385	-119.43993863610058
8.0	61.45930769777533	-107.8523076472826
8.066666666666666	84.4329632792485	-90.43838415592586
8.133333333333333	102.87746853576164	-67.9360988147937
8.2	116.22224266638614	-41.928171967843355
8.266666666666666	122.94686029097147	-13.784087991098204
8.333333333333334	122.7753713237471	15.646988628386907
8.4	115.40594648953356	44.36140963395337
8.466666666666667	101.11121488978688	70.57184875271332
8.533333333333333	81.54993126690624	92.67036276976023
8.6	57.29907821788788	109.20672597591829
8.666666666666666	29.82615804793909	119.91314655840324
8.733333333333333	0.24640484942278817	123.91069528471098
8.8	-29.845745007680534	121.16815355878339
8.866666666666667	-58.964924245216935	110.99268392930526
8.933333333333334	-85.54127579737337	95.70032371703337
9.0	-106.99571975670187	73.81135124217326
9.066666666666666	-120.37228407739713	48.104124748490904
9.133333333333333	-127.32052783776862	17.96564136125653
9.2	-127.96672642677254	-12.879646761984873
9.266666666666666	-122.44393148668541	-41.8240607283559
9.333333333333334	-110.69637410071937	-68.88921269312618
9.4	-91.38602045786638	-91.4521602383711
9.466666666666667	-64.48315273860771	-108.93555164001077
9.533333333333333	-35.87119528993571	-120.53834329632787
9.6	-4.583316223873908	-125.18846260579994
9.666666666666666	26.554612068965525	-121.31353591160223
9.733333333333333	40.03199941150524	-117.05314580201843
9.8	67.85670660772439	-103.54941081949653
9.866666666666667	91.3711736463797	-83.76944077050905
9.933333333333334	108.40553323029371	-59.827527933516194
10.0	119.64026992732715	-31.705286483064242
10.066666666666666	123.14471497955014	-1.8475059748669764
10.133333333333333	120.10394218134024	27.248324793062693
10.2	110.31145746032598	55.46025148629451
10.266666666666666	92.86763209031187	80.52741931007677
10.333333333333334	69.7929066634374	100.95742569522486
10.4	43.58880451893697	115.81707120393503
10.466666666666667	14.16736943557612	122.81621462264138
10.533333333333333	-15.233285187578531	123.58043106239302
10.6	-45.03286557056572	116.6935456403271
10.666666666666666	-72.56843225169087	102.87258744834048
10.733333333333333	-95.88150168875018	84.38106340037575
10.8	-114.69602039138294	60.02143703118827
10.866666666666667	-126.83995668651869	32.32221136821545
10.933333333333334	-130.377470094508	0.704294175715745
11.0	-125.44278411325195	-30.742738766444518
11.066666666666666	-113.87482758620695	-60.759118155034
11.133333333333333	-97.89280479680201	-86.06365485675542
11.2	-73.99375062493755	-104.55765630849874
11.266666666666666	-45.8578103034813	-117.6512867169223
11.333333333333334	-15.167615253272743	-124.75855530680315
11.4	16.49639882143242	-123.47762110010558
11.466666666666667	46.81681074462949	-115.34374694117264
11.533333333333333	72.31592059792638	-99.52259775209745
11.6	93.7946727659114	-78.98275999840189
11.666666666666666	110.1853297941293	-55.21032020271832
11.733333333333333	120.73615118635985	-26.1628781255464
11.8	123.43370429582865	4.218623539878877
11.866666666666667	118.06272373938828	34.255510457184755
11.933333333333334	105.85139532416088	62.10758631367071
12.0	87.29922598803796	85.83399784697576
12.066666666666666	64.31365464706505	104.48177955001893
12.133333333333333	36.25554811154848	117.42372198032581
12.2	6.719408593367007	123.43061588150113
12.266666666666666	-24.180610390424135	121.6361347615125
12.333333333333334	-54.53800700754209	112.690651828299
12.4	-81.5982839313574	97.96432105552503
12.466666666666667	-104.81363940059191	76.76016581129079
12.533333333333333	-118.67647408817766	50.44861425644342
12.6	-126.78137490007998	20.008041585214187
12.666666666666666	-129.0591536437355	-11.343621172978601
12.733333333333333	-124.24175977653636	-41.742708333333326
12.8	-111.4717750590255	-68.94314662419254
12.866666666666667	-91.66558535178774	-92.34954128440359
12.933333333333334	-63.80305066523306	-110.40162717317332
13.0	-33.65993986880471	-121.78743733558349
13.066666666666666	-1.7306820863818757	-125.5984023908793
13.133333333333333	29.39573947741019	-120.77807103536679
13.2	57.4951861525069	-109.14750797552438
13.266666666666666	82.16675067204301	-91.00152218395965
13.333333333333334	102.44551790766673	-67.80839908819917
13.4	117.31374520624831	-40.027122679975264
13.466666666666667	122.95238456700417	-8.683133420499075
13.533333333333333	120.07094867405294	21.886717213261363
13.6	110.5354057199279	50.73132190241108
13.666666666666666	94.47920954261008	77.20751680586682
13.733333333333333	73.27464613470215	98.3540592457789
13.799999999999999	46.511190499494205	113.51576638045049
13.866666666666667	16.287075629653373	122.36564052893118
13.933333333333334	-14.69972395269906	123.14431567328916
14.0	-46.39246372917796	117.29903696360293
14.066666666666666	-75.18547179231155	104.48888215079842
14.133333333333333	-97.2462549086149	83.0623554416452
14.2	-114.81248473996902	58.01319480519487
14.266666666666666	-125.45104127064587	27.99905386653211
14.333333333333334	-130.4717575757577	-3.546284604176776
14.4	-127.60602275881206	-33.19549038717105
14.466666666666667	-117.27661993179231	-60.855456852791804
14.533333333333333	-96.93011764705898	-86.05410251001899
14.6	-69.29665789312594	-106.98408607429224
14.666666666666666	-39.32973721769804	-120.421044397316
14.733333333333333	-7.292849172852129	-124.69400861405938
14.799999999999999	24.099668940609945	-121.55253550436282
14.866666666666667	53.0433433100543	-111.32472662178463
14.933333333333334	79.14945338898815	-94.64538803025323
15.0	100.82927317435815	-71.98278584423156
15.066666666666666	115.7863869863013	-44.990670488394244
15.133333333333333	122.87049244739364	-14.838232731075323
15.2	121.83430263484524	15.42221642887614
15.266666666666666	113.35673868312756	45.27697410854137
15.333333333333334	99.53329641423215	71.21236946069257
15.4	79.96614294516326	94.02937343902704
15.466666666666667	53.2428361253219	110.85521961010409
15.533333333333333	23.37629882130682	120.88134827962017
15.6	-7.816252965869808	123.26801699286898
15.666666666666666	-39.23410360972662	118.34307895606207
15.733333333333333	-66.87940393281451	107.11648195510088
15.799999999999999	-91.31410112779145	87.95552701923589
15.866666666666667	-110.28716720332977	63.79511517264109
15.933333333333334	-123.54538704887341	35.650075987842
16.0	-129.95617097815148	5.446869684943749
16.066666666666666	-128.8993514915694	-26.50034488704955
16.133333333333333	-118.33904532743713	-56.07539329177803
16.2	-100.42260061919501	-82.1394683128392
16.266666666666666	-74.4055636590956	-103.69150034411564
16.333333333333332	-45.65894267078602	-118.27362503798236
16.4	-15.25222951952992	-123.872804738647
16.466666666666665	16.018829516539427	-123.54898446833931
16.53333333333333	46.713686592996964	-114.9803458057545
16.6	74.90103320553635	-98.89302506234924
16.666666666666668	97.90625666981737	-76.52414956222196
16.733333333333334	113.87144503673835	-49.848066847934206
16.8	122.45578320637424	-19.306357828698196
16.866666666666667	121.85681886004181	12.644182878549259
16.933333333333334	115.07245191678658	42.61208549314779
17.0	101.088823006226	70.03914327917278
17.066666666666666	80.33675355888317	93.62278397898899
17.133333333333333	53.889045859595626	110.97571790540542
17.2	23.275110854058312	120.88586385660551
17.266666666666666	-8.320762140287798	123.88655321988654
17.333333333333332	-38.53814980435982	119.2945299145299
17.4	-67.88608113137343	106.10881975758093
17.466666666666665	-92.5163459631026	87.0385613972976
17.53333333333333	-111.58269241258927	62.754101694915335
17.6	-125.22964277790106	34.55382084549012
17.666666666666668	-130.58544339096488	3.3497614076945865
17.733333333333334	-127.71958059010012	-27.928141998282285
17.8	-116.33884152750215	-57.5112706499923
17.866666666666667	-96.85211366673684	-84.13397030112992
17.933333333333334	-72.50358472356265	-104.83652246256247
18.0	-44.110525667098045	-118.31999791905105
18.066666666666666	-12.966189958028963	-124.29922496857978
18.133333333333333	19.843579923402558	-122.21083588766464
18.2	51.86643320586086	-112.34209100758403
18.266666666666666	79.51790384969604	-94.85492163233243
18.333333333333332	101.75115424076603	-71.03403940651685
18.4	116.33202672485777	-43.87305259583138
18.466666666666665	122.84475361973409	-12.920795045944828
18.53333333333333	121.2932386634177	17.70548521726937
18.6	112.9577401228637	47.82778064869137
18.666666666666668	97.3122275817982	75.3303629536922
18.733333333333334	75.81142532949298	97.28146832445236
18.8	48.55474764756218	113.08206353305786
18.866666666666667	18.28948778396898	122.25368339900638
18.933333333333334	-12.616864608075957	123.31281012082877
19.0	-43.723748703087495	116.75452542684047
19.066666666666666	-72.70989175065324	103.1709296862764
19.133333333333333	-96.78319446474688	83.31964631782944
19.2	-115.6779571207303	57.43448513110616
19.266666666666666	-127.4520518123436	28.58304177079617
19.333333333333332	-130.88513772520673	-3.3906945681211482
19.4	-125.64444444444439	-34.39457019989595
19.466666666666665	-111.92298665101953	-64.27696157201228
19.53333333333333	-93.19821202817411	-88.89208768110507
19.6	-67.59442617937157	-107.99827136531815
19.666666666666668	-37.72230123737745	-120.08302142231423
19.733333333333334	-5.208020477815808	-124.63841807909603
19.8	27.619192946761586	-120.99812761583075
19.866666666666667	58.53265040179531	-109.50589549938354
19.933333333333334	84.58332379098442	-90.38343935073476
20.0	104.51593451227882	-65.70036561678785
20.066666666666666	118.49030485275807	-37.42167169323568
20.133333333333333	123.1622107620276	-4.933078066064695
20.2	120.60142414508664	26.699518768046232
20.266666666666666	109.33551457465796	57.13478037062441
20.333333333333332	91.0275847506432	82.91457761512652
20.4	66.43439166563303	103.9868693102917
20.466666666666665	36.96163324269219	117.20124085268844
20.53333333333333	6.301292476247454	123.47198834196888
20.6	-25.739455620362605	121.72947335275148
20.666666666666668	-56.83273441886581	111.53277286976345
20.733333333333334	-84.13783193470499	95.27978512283585
20.8	-106.53905440809103	73.47060513213319
20.866666666666667	-121.92919389978215	45.66360116166504
20.933333333333334	-128.9645266594125	14.572427309424938
21.0	-128.9801463679969	-17.046377299237292
21.066666666666666	-119.64856361149123	-49.407962486208135
21.133333333333333	-104.33679192372392	-76.08665187434303
21.2	-81.35545346265098	-98.37213287635109
21.266666666666666	-53.17654928049751	-114.19925547524599
21.333333333333332	-22.425689462252194	-122.71154942423891
21.4	10.469253763211327	-124.09271068597491
21.466666666666665	42.964153678869025	-116.3631258023106
21.53333333333333	71.20712544026014	-100.64042919157998
21.6	94.67327120531127	-78.52565390249003
21.666666666666668	111.98900086880985	-51.40023081958179
21.733333333333334	122.07151275855972	-19.746858971342476
21.8	122.78612382000347	12.07766589308892
21.866666666666667	115.13617745624765	43.7891010965177
21.933333333333334	99.49203481082668	71.91311231869895
22.0	78.81974517314165	94.54292065663458
22.066666666666666	51.559774709302474	111.87817258883251
22.133333333333333	21.819588508985362	121.9261310742877
22.2	-9.965495306536468	123.93520659197338
22.266666666666666	-41.14910459382304	118.1693304475707
22.333333333333332	-70.57913918778195	104.73986437743474
22.4	-96.28098004739695	85.8241635687732
22.466666666666665	-115.00294448488057	60.99304403318456
22.53333333333333	-126.30364117046201	31.293713872832313
22.6	-129.83869086852928	-0.793204697986539
22.666666666666668	-124.56636092385907	-32.70944109968559
22.733333333333334	-113.0230356235943	-62.61351052048724
22.8	-95.33956665096548	-87.0661028650328
22.866666666666667	-69.09500391679012	-107.16171391332682
22.933333333333334	-38.89193413127987	-119.09815749067775
23.0	-5.8431753431752895	-124.41838761601423
23.066666666666666	26.932631620212305	-121.25146188592043
23.133333333333333	57.55463698303174	-109.27688172043008
23.2	83.47965988662872	-90.43938330799517
23.266666666666666	103.26369383427345	-65.58848273861327
23.333333333333332	117.94152066562947	-38.011871657754
23.4	123.77283751010509	-5.821670428893867
23.466666666666665	120.93212749661234	25.69392917369305
23.53333333333333	109.57652935154783	56.52782187948878
23.6	91.53918986422059	82.90456316082373
23.666666666666668	67.66165132120659	103.25628580249031
23.733333333333334	38.71166621658131	117.2603379544239
23.8	7.709756980585553	123.95771401045977
23.866666666666667	-24.970479774223804	122.1749171270717
23.933333333333334	-56.227186761229405	112.20963680006298
24.0	-83.35511589505222	95.96410667736109
24.066666666666666	-102.0	73.0
24.133333333333333	-116.87003158009361	45.863656550703126
24.2	-124.88356954515484	14.215772255864067
24.266666666666666	-124.10636561479873	-17.47560567527762
24.333333333333332	-115.51855465154813	-48.58924527601448
24.4	-98.14714930779542	-76.09565386107874
24.466666666666665	-75.73847096299914	-97.77243252006156
24.53333333333333	-47.75712147667764	-114.29421654337602
24.6	-17.44473916887705	-123.10156122946819
24.666666666666668	15.098042486931263	-123.90540664166133
24.733333333333334	46.525029085306414	-115.68864410387391
24.8	74.75311285589669	-100.2584669892185
24.866666666666667	98.17884819936171	-78.52321740361481
24.933333333333334	114.55068723539989	-53.107448248539185
25.0	123.0	-21.0
25.066666666666666	124.64961060254132	11.520529948786589
25.133333333333333	117.49804403013013	43.49206850288056
25.2	102.3230519480519	72.90516385302885
25.266666666666666	81.30991512865421	95.84534907810234
25.333333333333332	54.35349184879328	112.5114724711907
25.4	24.03611139977147	122.60086039911721
25.466666666666665	-8.494658212455533	125.05683887414807
25.53333333333333	-39.4098404364413	119.57086795937221
25.6	-67.71067227694357	108.58989971346705
25.666666666666668	-93.22721636701795	91.21514836698907
25.733333333333334	-111.0	60.0
25.8	-122.61909129746437	30.200403028362643
25.866666666666667	-126.08918680123679	-2.019987409505802
25.933333333333334	-121.93563764160467	-33.233921658410736
26.0	-109.70147912634775	-62.169018834639246
26.066666666666666	-90.96062277709234	-86.41288334867909
26.133333333333333	-65.66367416367416	-106.94841739679532
26.2	-35.7376393694733	-119.63242685025818
26.266666666666666	-4.2749628804751865	-125.18959624011961
26.333333333333332	28.51994763745165	-121.78221057590395
26.4	57.36027868570454	-111.1603621435379
26.466666666666665	83.64901831923112	-92.39934092270823
26.53333333333333	104.2949241540257	-68.77261555537939
26.599999999999998	120.0	-40.0
26.666666666666668	125.0	-9.0
26.733333333333334	123.0	22.0
26.8	113.0	55.0
26.866666666666667	96.15701619469837	81.52694409818787
26.933333333333334	72.86630641449028	102.35853369159372
27.0	42.0	118.0
27.066666666666666	10.195850695983609	125.47923741895647
27.133333333333333	-22.33667978675703	125.28463800073496
27.2	-53.77243819878959	117.56273088450553
27.266666666666666	-81.0	98.0
27.333333333333332	-103.06940244473799	75.67599795291699
27.4	-118.07036061254735	48.098623308806054
27.466666666666665	-126.47792859073297	17.128112656706207
27.53333333333333	-128.50825924306469	-14.662913020609267
27.599999999999998	-121.4916825827122	-45.26847135760545
27.666666666666668	-102.0	-74.0
27.733333333333334	-78.87419517283547	-96.8396248603517
27.8	-52.09511357845895	-114.10483381154836
27.866666666666667	-20.624262295081962	-123.34299585028805
27.933333333333334	11.661914726654459	-124.52404737526626
28.0	43.208059210526244	-117.69197928717017
28.066666666666666	70.55059331542634	-102.8721156100338
28.133333333333333	94.10478894965627	-82.09952539491394
28.2	111.74549259497735	-57.01835219447935
28.266666666666666	122.0	-25.0
28.333333333333332	122.99275551921505	7.64381229492983
28.4	118.0	38.0
28.466666666666665	104.61501790849024	66.80014463677503
28.53333333333333	85.03054639063112	90.67732899923931
28.599999999999998	58.832776173833736	109.54405276769603
28.666666666666668	27.521040510834155	121.20714073754334
28.733333333333334	-5.078481759204806	124.49582051430889
28.8	-36.90857330559493	120.40879033177521
28.866666666666667	-66.79526151095206	108.88360074810498
28.933333333333334	-91.89994879016785	89.46503047802389
29.0	-110.64826247603014	64.11340555179413
29.066666666666666	-122.69531557303776	34.181412623978076
29.133333333333333	-128.05607300780866	2.4467860635068064
29.2	-126.4833803700219	-27.31929279051269
29.266666666666666	-112.0	-59.0
29.333333333333332	-94.00221475484955	-84.21420587609111
29.4	-69.8915577736293	-104.70902096342547
29.466666666666665	-42.0	-120.0
29.53333333333333	-9.916530575213073	-126.38366405813304
29.599999999999998	21.46464823241149	-124.1036138416955
29.666666666666668	51.665144000696046	-113.24034299490438
29.733333333333334	77.14366844524284	-96.72133067822415
29.8	98.86526155815068	-73.8053905763901
29.866666666666667	115.73934027651785	-45.76903773636093
29.933333333333334	123.13069839655213	-14.036600651792469
30.0	121.37919957167719	17.90196560196557
30.066666666666666	111.88962118064728	47.79035603180091
30.133333333333333	95.54265086714258	75.11312578155321
30.2	74.10524376417243	97.50966570677338
30.266666666666666	45.6155389302844	113.71648239182605
30.333333333333332	13.799000514441104	122.44299039221187
30.4	-18.8347695766206	122.24951056840428
30.466666666666665	-50.64693929387863	114.08973073617881
30.53333333333333	-79.35958873885784	97.6286188894162
30.599999999999998	-101.34437857294097	76.56493144964861
30.666666666666668	-117.33876381368555	48.81369582194452
30.733333333333334	-126.16473658814766	16.97658960664296
30.8	-129.87238719629772	-13.619929894842244
30.866666666666667	-119.0	-46.0
30.933333333333334	-104.16531217750253	-73.39730034233219
31.0	-82.1941216561595	-96.19369425173431
31.066666666666666	-54.0	-113.0
31.133333333333333	-22.90397599399853	-123.27340997053898
31.2	10.025763665594695	-124.69112167544654
31.266666666666666	40.769735625808835	-117.67539666993139
31.333333333333332	69.52240146947247	-103.86259052158766
31.4	93.77479027747904	-84.12325470384667
31.466666666666665	110.99206776673373	-58.66928227020048
31.53333333333333	123.0	-29.0
31.599999999999998	126.3074903745187	2.3363891341609815
31.666666666666668	123.48217901984617	33.02944916938236
31.733333333333334	111.25082399472649	61.9612991301035
31.8	90.75365375922865	86.768935540553
31.866666666666667	63.63136939832157	106.6368184602818
31.933333333333334	34.10362371731571	118.7366509398637
32.0	2.6435648896067505	125.13177886303424
32.06666666666666	-29.564203137902496	118.97905879645623
32.13333333333333	-65.0	106.0
32.2	-91.18798002465314	86.53874788494068
32.266666666666666	-110.41910619497139	61.714529553910324
32.333333333333336	-122.73554333048787	31.852628932223297
32.4	-128.2822459149379	0.28574650428504356
32.46666666666667	-124.0	-30.0
32.53333333333333	-113.45684217100734	-58.57726665553514
32.6	-94.87788035727681	-84.05136116152448
32.666666666666664	-71.0	-104.0
32.733333333333334	-41.29477305179353	-118.39881649509948
32.8	-10.013897127362043	-123.3159166855919
32.86666666666667	21.447530864197688	-121.60820264905874
32.93333333333333	50.447812277531284	-111.82198760802225
33.0	78.21342675412438	-95.79800063471907
33.06666666666666	99.78929099440757	-72.9097342078012
33.13333333333333	115.0	-44.0
33.2	121.80147279831681	-12.05681618808103
33.266666666666666	120.2085658901774	20.239637409152692
33.333333333333336	116.0	47.0
33.4	100.65558780841798	74.01425578300632
33.46666666666667	79.0	98.0
33.53333333333333	51.32709940328914	114.37512958566026
33.6	20.943190561682513	124.43004870473624
33.666666666666664	-10.661309682581987	127.12375403622082
33.733333333333334	-46.0	118.0
33.8	-74.82431086769566	103.24079639368892
33.86666666666667	-98.68037538439785	81.59092754211497
33.93333333333333	-115.99562512152443	54.703555857539186
34.0	-126.13500161099773	24.8720377703321
34.06666666666666	-126.0	-8.0
34.13333333333333	-119.19982069401976	-38.89112059765216
34.2	-105.66677782409351	-67.7038989077978
34.266666666666666	-85.15690096235835	-91.96896658735909
34.333333333333336	-58.88243783303733	-111.2421249585525
34.4	-28.80875939849625	-121.58952178411312
34.46666666666667	3.6569717179202144	-124.72424415650403
34.53333333333333	35.138435374149594	-119.42476421834817
34.6	63.359642798623554	-107.5783369803064
34.666666666666664	88.22677465459742	-89.5174374526157
34.733333333333334	107.23529334764498	-64.79939546297965
34.8	118.0	-34.0
34.86666666666667	122.2571540265833	-2.3734391965253963
34.93333333333333	123.0	24.0
35.0	112.82067065306592	53.30120632626404
35.06666666666666	95.71669665154013	79.1288282948035
35.13333333333333	72.05761857815742	100.23807445880084
35.2	43.87338811630843	114.86852625033316
35.266666666666666	13.639805228987598	121.99169983242564
35.333333333333336	-17.388805508961013	121.34232620417606
35.4	-47.6771154128171	113.00361597978826
35.46666666666667	-75.44610241918804	98.07899663047556
35.53333333333333	-98.32940740502045	75.49104817111197
35.6	-114.39671426590894	47.698331539289484
35.666666666666664	-122.64221635883905	16.260925603980468
35.733333333333334	-124.5320643842615	0.4095909067100365
35.8	-121.06382321125011	-31.702966338850274
35.86666666666667	-108.91448118586095	-61.195231916964076
35.93333333333333	-97.0	-83.0
36.0	-73.71319579787996	-103.70754664438869
36.06666666666666	-44.995741862225714	-117.51198593073593
36.13333333333333	-13.234395068070853	-124.78315877549835
36.2	18.72801804478786	-123.4630016562619
36.266666666666666	48.75965547884334	-114.47276078645541
36.333333333333336	75.07372422983462	-98.4546153526453
36.4	96.38420432220028	-77.71672489082971
36.46666666666667	113.03861734330485	-52.34714694754064
36.53333333333333	123.0	-22.0
36.6	123.0	10.0
36.666666666666664	116.64466154559977	39.69283015834753
36.733333333333334	103.0	66.0
36.8	83.88995666101391	88.72881568321691
36.86666666666667	60.0	107.0
36.93333333333333	30.669949595437174	118.85793814432986
37.0	-0.3500630468838608	123.27131374026612
37.06666666666666	-32.0	118.0
37.13333333333333	-61.2749802808014	106.38531271539455
37.2	-86.29796132513866	87.69875311720693
37.266666666666666	-105.84571832979464	64.00255894317843
37.333333333333336	-119.54806671721008	36.00569249866999
37.4	-127.0	6.0
37.46666666666667	-126.0	-27.0
37.53333333333333	-117.64615848348853	-56.642283797899836
37.6	-101.03518980326953	-82.82585212962442
37.666666666666664	-77.22490304845132	-103.30833391498572
37.733333333333334	-49.04072731392307	-118.38929426519212
37.8	-18.738389271914457	-126.45180215221058
37.86666666666667	12.827610676189124	-126.7270678523571
37.93333333333333	43.105216881594515	-119.63402944197196
38.0	70.19747736406339	-105.0964939987366
38.06666666666666	93.13469629949304	-84.51800839072268
38.13333333333333	112.0	-55.0
38.2	122.18633297629049	-25.81022775964925
38.266666666666666	124.17147190008927	6.393905817174527
38.333333333333336	121.0	32.0
38.4	109.41464489670761	59.879177177738256
38.46666666666667	91.20620427919266	84.3886875422827
38.53333333333333	67.0	106.0
38.6	39.152047294542626	118.68216682646198
38.666666666666664	10.0	123.0
38.733333333333334	-20.226007162041242	122.15672667898434
38.8	-49.09505134632491	113.20354682554444
38.86666666666667	-75.51608171998487	97.132521080463
38.93333333333333	-97.93867354083113	74.65291003031734
39.0	-120.0	48.0
39.06666666666666	-129.43459085357563	17.979360165118578
39.13333333333333	-127.0	-14.0
39.2	-120.64380776340113	-44.2090428655315
39.266666666666666	-106.2845622713453	-72.07229740615435
39.333333333333336	-84.93566760037356	-94.77578865879627
39.4	-60.0	-111.0
39.46666666666667	-30.45530362708496	-121.08474254439852
39.53333333333333	-0.5874378868452368	-124.69882335745092
39.6	29.999727200235156	-120.1893745122087
39.666666666666664	58.635661248244105	-109.70639029752829
39.733333333333334	83.74080369066405	-92.17054311903723
39.8	103.2068108376834	-69.05900675874227
39.86666666666667	116.0	-42.0
39.93333333333333	121.77659518828455	-12.277910822214608
40.0	125.0	14.0
40.06666666666666	117.15554753429092	43.31426711040376
40.13333333333333	102.5388401807354	69.92239006141017
40.2	82.11439360284317	92.15287849464858
40.266666666666666	57.246107266435956	108.58625488570397
40.333333333333336	27.937976556276226	118.29554816006976
40.4	-2.24751906403435	121.07374329808363
40.46666666666667	-32.75368676498056	117.23305736250722
40.53333333333333	-61.077576141708505	105.76550711282607
40.6	-85.23592286719077	87.74156677509927
40.666666666666664	-109.0	65.0
40.733333333333334	-121.98296192314456	37.513598673300294
40.8	-128.09332534798227	7.130815383102345
40.86666666666667	-126.85258371762257	-23.099306474426157
40.93333333333333	-117.81575173650026	-52.708840106793104
41.0	-102.11301369863008	-79.15334354914239
41.06666666666666	-80.32197597348795	-100.3679413244572
41.13333333333333	-53.799123382431844	-116.48881936136922
41.2	-24.869327437747415	-125.23497306492777
41.266666666666666	6.701164154467733	-126.43719342777763
41.333333333333336	37.897795693438184	-120.76459765326672
41.4	66.106656716418	-107.4173749565548
41.46666666666667	89.31866473038554	-87.61495877502944
41.53333333333333	106.69031794216335	-63.5045421118657
41.6	118.99078341013819	-34.90514309732134
41.666666666666664	123.84050009942348	-5.635312077975414
41.733333333333334	120.68156146626143	24.742476697736492
41.8	111.03688732436376	53.43668731104526
41.86666666666667	93.85019312120653	78.46355913257321
41.93333333333333	71.80688121956382	98.54599922690386
42.0	44.833746670340815	113.6095227553053
42.06666666666666	16.128731838701242	121.59245225825998
42.13333333333333	-15.06347430158985	122.43396905808436
42.2	-45.061715180368765	115.15235965220882
42.266666666666666	-72.72247521464828	101.59919224555733
42.333333333333336	-95.0	86.0
42.4	-112.34027281816884	61.89634061499919
42.46666666666667	-123.11612877435164	32.514663461538476
42.53333333333333	-126.88929135932563	1.4293233490693638
42.6	-123.47100096274471	-28.865900661769956
42.666666666666664	-113.06367784169811	-56.6014287499479
42.733333333333334	-96.01526296432507	-81.02039515615047
42.8	-73.0203702537624	-101.23426437407602
42.86666666666667	-44.74793388429748	-115.84762750570917
42.93333333333333	-13.402104782318474	-123.21305372542724
43.0	18.518079821567426	-122.18952718274659
43.06666666666666	48.0669994375703	-114.00565418644169
43.13333333333333	74.57840290381137	-98.21319305046018
43.2	95.92496898036643	-77.62004879722463
43.266666666666666	111.33839512442864	-54.081121737641524
43.333333333333336	125.0	-27.0
43.4	128.01749721245392	2.815859012061537
43.46666666666667	125.047014071901	31.9578716401536
43.53333333333333	110.0	62.0
43.6	93.0751557806966	85.50724089128789
43.666666666666664	69.84708779079642	103.89588771107447
43.733333333333334	42.46572352959129	117.37049833208539
43.8	13.319457669219673	124.51481904761908
43.86666666666667	-16.51548438327154	125.01756355032467
43.93333333333333	-45.004168865435304	119.09897694625465
44.0	-71.53281497937178	105.70352867044744
44.06666666666666	-93.51133689839571	85.35995568217777
44.13333333333333	-110.8135957792208	59.435514642754924
44.2	-121.68703912553133	30.691512300303884
44.266666666666666	-124.7453379182648	1.48668742283553
44.333333333333336	-120.77264888480113	-27.087290502793167
44.4	-109.06710882898301	-53.51214209533191
44.46666666666667	-91.57133336887546	-79.51421391125768
44.53333333333333	-68.47561456812537	-101.21545504994447
44.6	-41.16198642557379	-115.5472457119381
44.666666666666664	-10.683745988078954	-122.13509633882859
44.733333333333334	19.828192103440415	-120.73642094311344
44.8	49.65670978572143	-112.43387036974627
44.86666666666667	75.26999839692212	-98.44047784414488
44.93333333333333	96.82800795492221	-78.31394655213558
45.0	113.22370623953611	-53.80633876906904
45.06666666666666	124.0	-28.0
45.13333333333333	125.54224303974797	5.533530647317093
45.2	120.0	30.0
45.266666666666666	108.7790814658315	58.11005333571711
45.333333333333336	91.62672319317062	81.81358779338325
45.4	69.163490284006	102.05657712877837
45.46666666666667	41.763016483915635	115.33562435604244
45.53333333333333	12.862748173710315	121.64373007438894
45.6	-17.243168316831543	121.24462897526519
45.666666666666664	-46.23811904029526	114.11194346289767
45.733333333333334	-72.35263837241473	100.03889554308762
45.8	-94.58915722732763	79.95703748764345
45.86666666666667	-111.54980252021824	55.668235980334885
45.93333333333333	-122.05690957087609	27.503792272686724
46.0	-125.48708739524545	-2.189398788714243
46.06666666666666	-121.91416187694335	-31.71488755883547
46.13333333333333	-111.09751438657577	-60.06418792393151
46.2	-94.15021813715111	-84.49351392598237
46.266666666666666	-71.96501078962433	-104.67127256518825
46.333333333333336	-45.0199218229468	-118.90747168432586
46.4	-15.797109826589576	-127.64079245514108
46.46666666666667	14.023955574143656	-126.99690567648315
46.53333333333333	43.854014239312164	-119.83036906988286
46.6	71.75842626237318	-105.12816256439612
46.666666666666664	94.68512584997688	-84.62688580277745
46.733333333333334	111.45056785917086	-60.253259175286985
46.8	122.1169011082693	-31.63139402504612
46.86666666666667	125.1450579621719	-2.4631675874770735
46.93333333333333	121.84700267967355	26.89868987796126
47.0	111.31650550933227	54.62138297872343
47.06666666666666	95.38010110294113	79.00469969152618
47.13333333333333	73.0663760801408	99.02410735492049
47.2	46.83702734839471	112.83168172544447
47.266666666666666	18.83845449790806	121.19433308586986
47.333333333333336	-11.188218471373148	122.25813111351545
47.4	-40.8007211538461	116.40670259346598
47.46666666666667	-67.02854872685612	103.60247664700091
47.53333333333333	-89.5556508183945	84.72054760110541
47.6	-107.85865152137217	61.3975602796404
47.666666666666664	-120.03996761926282	34.727330293819705
47.733333333333334	-125.71975550122261	5.7471480195563345
47.8	-123.75497138882747	-24.456129593733976
47.86666666666667	-115.29090783346396	-53.45104967246107
47.93333333333333	-100.0	-78.0
48.0	-79.10117007939834	-99.42718128716251
48.06666666666666	-53.83488387546936	-114.93018654607124
48.13333333333333	-25.157395130183204	-124.2636129506991
48.2	5.608073191309813	-126.37887374177694
48.266666666666666	35.81202344449571	-121.23692616827248
48.333333333333336	63.646590147697225	-108.9525151081657
48.4	87.62221020548623	-90.95397963032815
48.46666666666667	105.91829099900451	-69.1093846770375
48.53333333333333	119.14823321897234	-41.44551616822628
48.6	125.21262800024442	-11.10535362926771
48.666666666666664	123.81728676284501	18.15678351766553
48.733333333333334	115.24765586945932	46.7048513042032
48.8	100.30305522914205	72.41357700061371
48.86666666666667	80.99260930449668	93.9238218362766
48.93333333333333	55.837729788833485	110.54632671708237
49.0	27.03355015946181	120.54904066610356
49.06666666666666	-2.9156644006739043	123.46866361587945
49.13333333333333	-32.735059905165144	118.95767731878414
49.2	-60.072913534641884	108.1044000649456
49.266666666666666	-84.05514125914237	90.81495462794919
49.333333333333336	-103.88225820244588	69.54113099374581
49.4	-117.74290264188994	43.33833369307149
49.46666666666667	-124.82453706174283	14.833070275815771
49.53333333333333	-125.16291271220416	-15.438939961411847
49.6	-118.55341484500423	-44.13990351481743
49.666666666666664	-105.30156250000005	-69.90671499427697
49.733333333333334	-86.41252423637843	-92.29232014123886
49.8	-62.07900821057001	-110.26560420759142
49.86666666666667	-34.493308914717545	-121.30453000047885
49.93333333333333	-4.774306093968107	-125.91908044523143
50.0	24.72523333879144	-123.31973589285155
50.06666666666666	52.48108549888252	-114.4605572891005
50.13333333333333	77.37321649105297	-99.80534021153346
50.2	99.10738042790763	-78.3369514247097
50.266666666666666	114.41859545914144	-53.18483328265938
50.333333333333336	123.35193732005882	-23.228753300394715
50.4	124.39802584453173	6.994936841006393
50.46666666666667	119.13445014526792	35.42886415240628
50.53333333333333	107.30838160753092	62.4265702718335
50.6	89.47645499457758	85.36996599439658
50.666666666666664	66.8657945306727	103.5890958813975
50.733333333333334	40.07370753323494	116.01835891121755
50.8	12.078524411420403	122.55631252685203
50.86666666666667	-17.276082012064307	122.10234637994267
50.93333333333333	-45.17888020833334	115.30597976993249
51.0	-71.86914309291114	101.25099552357688
51.06666666666666	-93.70876174763589	82.59139182892022
51.13333333333333	-110.12722809105799	59.696309510938136
51.2	-121.45144161774306	32.963711354498855
51.266666666666666	-126.06501764804761	4.7719815098147365
51.333333333333336	-123.8637496024594	-23.950429204792044
51.4	-115.2250265177513	-52.41122980719126
51.46666666666667	-100.34539984104754	-77.17706559498674
51.53333333333333	-79.67327544193881	-98.33839642877842
51.6	-55.23120694248837	-113.20908326071935
51.666666666666664	-27.93964442170568	-122.38045010572955
51.733333333333334	1.141023968693844	-125.71974691620585
51.8	30.728869506553565	-121.89408751833037
51.86666666666667	58.39936904614615	-111.8932225879712
51.93333333333333	82.59176774193543	-95.17732060862522
52.0	101.88082924392461	-73.95184578961221
52.06666666666666	115.61091023937615	-49.0845661617941
52.13333333333333	124.0	-21.0
52.199999999999996	123.0	11.0
52.266666666666666	116.8567246706782	39.35965895444724
52.333333333333336	104.0	65.0
52.4	86.66101970123418	87.12673386351025
52.46666666666667	64.13308473223424	105.12444449457462
52.53333333333333	37.4446194777006	117.13018541502129
52.6	8.572977578774953	123.3994621431525
52.666666666666664	-20.950158886866348	122.18395345496333
52.733333333333334	-49.713934455651724	113.9595835199284
52.8	-72.0	102.0
52.86666666666667	-93.07414026275114	83.16554520068621
52.93333333333333	-109.84438821211052	59.33563873067533
53.0	-120.80064683053024	32.056395409313154
53.06666666666666	-124.72957005262651	2.9677906292884018
53.13333333333333	-122.0	-27.0
53.199999999999996	-112.73018554745386	-54.68373112165443
53.266666666666666	-97.19796822539888	-78.51925792059637
53.333333333333336	-77.54618279569877	-98.67005492949772
53.4	-57.0	-117.0
53.46666666666667	-29.082312581555016	-126.35257048092876
53.53333333333333	-0.5533780760624722	-129.54104738154615
53.6	27.677410969586617	-126.21641137855579
53.666666666666664	54.82255139056815	-115.2613289122944
53.733333333333334	79.45196160101546	-97.76007641392675
53.8	99.61308141359609	-75.98863154921628
53.86666666666667	114.2830773702824	-49.649222376579814
53.93333333333333	121.59541538134226	-21.670594763987765
54.0	121.64747482982102	7.151797070045745
54.06666666666666	116.09992678015738	34.90574935692041
54.13333333333333	103.60284998020848	62.400351143589205
54.199999999999996	85.29975239863825	85.61336621654391
54.266666666666666	62.30206551990068	103.91033929798664
54.333333333333336	35.1686964448495	115.68472099433143
54.4	6.834483738682138	120.7101592715535
54.46666666666667	-21.470690291620485	120.40528920133966
54.53333333333333	-48.797177120528204	112.72297990297989
54.6	-74.55722409809846	99.3885073183742
54.666666666666664	-96.31428807673228	80.59330115604689
54.733333333333334	-114.00676617731483	57.18469305581368
54.8	-126.33252358964069	31.82986565621775
54.86666666666667	-131.04345493562232	3.7524894617874907
54.93333333333333	-129.87544407573682	-24.39171812012046
55.0	-121.09249427917621	-51.75439489267205
55.06666666666666	-107.18086720867223	-77.53684119776995
55.13333333333333	-88.87958364685232	-99.3361635376724
55.199999999999996	-64.09513053402452	-115.53722738648548
55.266666666666666	-37.2929620929483	-126.11519155183032
55.333333333333336	-7.815221514985296	-129.36924079651192
55.4	22.3164247736745	-125.69726580851261
55.46666666666667	49.56281551997699	-117.03410090349405
55.53333333333333	73.49842183438545	-102.3412348401323
55.6	93.22629507596548	-82.20991271074968
55.666666666666664	109.20066277574438	-58.252555928622655
55.733333333333334	120.22406195462463	-30.206404320987644
55.8	122.68193823101387	-1.0250724676942582
55.86666666666667	119.04890760641547	28.043294535174027
55.93333333333333	108.05513498899245	54.27247623699145
56.0	91.42568947906011	77.34802472910087
56.06666666666666	71.1314930094909	97.26939437443502
56.13333333333333	46.64923547400622	111.74829713721624
56.199999999999996	18.41007587788954	119.97573943347334
56.266666666666666	-10.61778130197672	121.36861119257742
56.333333333333336	-40.31060810203894	115.75639946927276
56.4	-68.65424679487182	102.7115104812201
56.46666666666667	-92.1689966663082	85.38449432051448
56.53333333333333	-109.30131953011869	64.74033795741275
56.6	-122.0287243030134	40.5259299420112
56.666666666666664	-129.61542047361536	12.75321325892105
56.733333333333334	-131.32320951239763	-17.5802722084004
56.8	-126.1150167646897	-45.765522149083836
56.86666666666667	-114.39381533549613	-71.88030146298206
56.93333333333333	-94.99010274568991	-93.43464052287584
57.0	-71.05408134975642	-110.16936030194529
57.06666666666666	-43.85928452885855	-122.78823295479651
57.13333333333333	-16.418582143721324	-129.40913754773987
57.199999999999996	12.089934996854709	-129.24623270750988
57.266666666666666	39.34436916127697	-121.72671957671957
57.333333333333336	65.08173035452432	-108.4978966154631
57.4	88.1912592782187	-89.11020408163267
57.46666666666667	104.76533112582774	-66.69657786594871
57.53333333333333	117.51990146348567	-40.46165398186213
57.6	121.75907719807856	-11.575539022168186
57.666666666666664	120.19513473515462	15.753816726915375
57.733333333333334	112.91259006446717	43.59600291512504
57.8	99.59601119208742	68.8489614780824
57.86666666666667	80.83490753911792	90.04087011025968
57.93333333333333	56.87197017819517	106.54950224388904
58.0	28.984697563015743	116.75803114168957
58.06666666666666	0.35466079295156305	120.98828083851254
58.13333333333333	-28.735415748618834	118.75742185583204
58.199999999999996	-55.895131554277896	110.1003679006667
58.266666666666666	-80.44157021335923	95.23051610668517
58.333333333333336	-101.81640464798375	74.50364529087938
58.4	-118.21791317497309	51.64909025074678
58.46666666666667	-127.21315958023342	25.344841898724667
58.53333333333333	-130.8678554608896	-2.089979814709409
58.6	-128.09461895533832	-29.98550312677662
58.666666666666664	-119.26952935468216	-57.20699460457877
58.733333333333334	-105.5	-82.15758363872806
58.8	-85.99549068470378	-102.03768032313906
58.86666666666667	-62.469239642410685	-117.08515663173898
58.93333333333333	-34.63473285726582	-126.17921663883408
59.0	-5.1649143302179255	-128.87367374005305
59.06666666666666	23.832501663339826	-125.73608277470123
59.13333333333333	50.30623501199034	-116.75327140145839
59.199999999999996	73.32533657029353	-102.90867153108604
59.266666666666666	92.76193712456688	-83.288096
59.333333333333336	109.28802436304363	-58.94099162011173
59.4	120.16222450025634	-31.380439438607027
59.46666666666667	122.60968484151249	-2.888271749298383
59.53333333333333	119.25289359054136	24.754344284550598
59.6	108.99328584964223	51.32448576961019
59.666666666666664	93.35152853861109	74.7860771827261
59.733333333333334	75.19854218819023	94.84166195966372
59.8	50.34247832594383	110.14813302481753
59.86666666666667	23.124434541894516	118.84660779985279
59.93333333333333	-5.9349253600667	121.31251635031822
60.0	-34.852195121951354	116.92322233312166
60.06666666666666	-61.72755508673231	106.88602819040398
60.13333333333333	-84.76284225532117	91.90366718879568
60.199999999999996	-103.7688888888888	72.23669288458018
60.266666666666666	-118.89412807881763	47.21658725870623
60.333333333333336	-128.60319685922605	20.254822568964414
60.4	-132.92999360672206	-8.528466048798919
60.46666666666667	-129.42458608479274	-37.37828793774315
60.53333333333333	-119.09495225864089	-62.61300823810791
60.6	-101.94887196015225	-85.20787515272684
60.666666666666664	-80.89149009872426	-103.88506349761155
60.733333333333334	-55.88845641708485	-118.57269725606284
60.8	-29.930398572278364	-128.10752719446214
60.86666666666667	-1.8325315399342799	-131.0882096914595
60.93333333333333	26.549684895303926	-125.71142038477274
61.0	53.63849218407108	-115.11059615572253
61.06666666666666	77.34681126113173	-99.80518198062634
61.13333333333333	95.66313100347452	-80.09815546772074
61.199999999999996	110.23053484234833	-56.835334872979274
61.266666666666666	120.18487290981739	-29.688417552112924
61.333333333333336	122.70384954637098	-2.655208864912197
61.4	119.44885485838176	25.42679098386384
61.46666666666667	109.7683055311677	51.11643272635308
61.53333333333333	94.54626488632266	73.95405835177007
61.6	75.3863528639663	93.05652915887231
61.666666666666664	51.955338582677086	108.42814886522547
61.733333333333334	26.1345998884276	117.9542405936354
61.8	-1.645186381858366	121.23671605344089
61.86666666666667	-16.79361104324471	119.70837722287615
61.93333333333333	-44.298312409961	113.7754673551276
62.0	-69.49378260558842	101.93412948357081
62.06666666666666	-92.85394115510348	83.79067967698529
62.13333333333333	-110.68529701750049	62.28914523449316
62.199999999999996	-123.88505560954536	36.93412611484905
62.266666666666666	-130.43361895694488	9.106136861758273
62.333333333333336	-131.3550910125141	-17.871074811665494
62.4	-124.56375921375911	-44.28268543440845
62.46666666666667	-112.71873669873162	-69.33543909600496
62.53333333333333	-96.04873579215973	-91.14451143650103
62.6	-75.04652673663168	-108.70573770491796
62.666666666666664	-51.1688027140367	-121.91108945202518
62.733333333333334	-24.171856794831	-129.29490738524862
62.8	4.150214506234761	-129.4009227549468
62.86666666666667	32.44681085853017	-123.53883448540705
62.93333333333333	57.588021902806304	-113.40535761414617
63.0	78.68983436951248	-97.85887620036328
63.06666666666666	96.94193177462625	-78.08620020693229
63.13333333333333	111.61344679030844	-54.02819901956286
63.199999999999996	120.8243765199561	-27.48117740071757
63.266666666666666	123.09354110207778	0.4790007850174334
63.333333333333336	118.92934736243433	26.99263109790934
63.4	108.27324540744235	52.737316957959365
63.46666666666667	93.1554658434261	74.80619978778236
63.53333333333333	74.73888427693828	94.15909158956856
63.6	51.99799143366408	109.33774964103895
63.666666666666664	25.636648758122192	118.57262933036145
63.733333333333334	-2.101357521154114	121.51498612395926
63.8	-30.567451820128554	117.84201206901434
63.86666666666667	-58.54734957847313	108.15671845810357
63.93333333333333	-81.99936872482431	94.2167143485915
64.0	-100.66526534177774	75.99221899315648
64.06666666666666	-116.0489750580632	53.790216559362534
64.13333333333333	-126.46564371604995	27.812730865045978
64.2	-131.36747153874398	-0.15500579822185045
64.26666666666667	-130.93198374547796	-28.23615307150044
64.33333333333333	-123.3003459935519	-54.387481554353144
64.4	-108.52817558427023	-77.68691489361709
64.46666666666667	-88.93532584269678	-97.80690087829362
64.53333333333333	-65.8639537329127	-113.40928223790934
64.6	-40.75037427081725	-124.47752467729697
64.66666666666667	-14.457479218348908	-130.26087842657694
64.73333333333333	14.14794946355164	-128.62259764414136
64.8	41.04227742344574	-120.90695830612822
64.86666666666666	66.30453199959175	-106.92778483693348
64.93333333333334	87.2043614877557	-90.33236326109386
65.0	102.9489192347014	-69.65627874381323
65.06666666666666	115.07447742842078	-44.174034372785286
65.13333333333333	121.49088025376682	-17.921451932872287
65.2	121.72790421867057	8.580271195113369
65.26666666666667	116.74174960712412	35.448749237339825
65.33333333333333	105.48407697547691	59.77607071948569
65.4	88.68448735202833	80.97390968240688
65.46666666666667	68.52787705503943	98.8208746981486
65.53333333333333	45.010139894505755	111.8394041958793
65.6	19.58547295551989	119.7850399419026
65.66666666666667	-7.362206544215951	121.90580887815759
65.73333333333333	-34.1125703263142	117.88039476375525
65.8	-59.98677162134527	107.58718748011961
65.86666666666666	-84.80776812665545	91.47466310279538
65.93333333333334	-103.38263850961835	73.04226204892211
66.0	-117.39211618257264	50.719390612747816
66.06666666666666	-125.922138836773	24.56771845585149
66.13333333333333	-130.02926007788665	-4.1116118918313305
66.2	-128.94824853384057	-32.31300345224395
66.26666666666667	-121.15990269372242	-58.074402625371704
66.33333333333333	-107.12310063862583	-81.5651465798046
66.4	-87.1020215698602	-99.90574180933754
66.46666666666667	-62.769201488749786	-113.73054834395407
66.53333333333333	-38.11037564430603	-124.52378976486852
66.6	-11.768504318346913	-129.7568909512761
66.66666666666667	14.80533557711351	-129.24136398978112
66.73333333333333	40.121940024479954	-122.14122325972039
66.8	64.78883188966438	-108.96509677870176
66.86666666666666	86.28074530258277	-91.2857787917676
66.93333333333334	102.8174857142858	-70.28529997036287
67.0	115.16576784464223	-46.269101343027955
67.06666666666666	120.94804564571632	-20.168186460461015
67.13333333333333	121.05470436659925	6.097910447761137
67.2	117.29778853590778	32.101317471241714
67.26666666666667	106.74704583995049	56.85459115460719
67.33333333333333	91.09996721042717	78.78558241504652
67.4	71.89438512845209	96.7472587282623
67.46666666666667	48.28066060625679	110.08449405484089
67.53333333333333	23.4258277081326	118.50305065627572
67.6	-2.460310243380718	121.954122269437
67.66666666666667	-29.661954959271725	118.83196902888244
67.73333333333333	-55.857348441239765	110.13829137639141
67.8	-80.21950279932207	95.0459690932787
67.86666666666666	-100.55876885679572	76.27003546099286
67.93333333333334	-116.54648978633486	55.019325325200725
68.0	-126.11355602686467	30.708794047742117
68.06666666666666	-129.19414954996546	3.477772808586792
68.13333333333333	-129.76900155863223	-24.065875322111992
68.2	-123.3812278630462	-50.91128522684198
68.26666666666667	-111.56741022850929	-75.50022824102257
68.33333333333333	-94.22844390832324	-96.22578921114518
68.4	-71.16348651584576	-111.36286377162457
68.46666666666667	-44.62330358802751	-122.10676841406769
68.53333333333333	-18.43755916543614	-128.66884054235197
68.6	8.795812216591003	-128.37032138606003
68.66666666666667	35.12584382630348	-124.01905451037146
68.73333333333333	58.946501278288	-112.83600489446314
68.8	81.48762234999776	-96.12230571485065
68.86666666666666	100.13378400390957	-74.8188870091069
68.93333333333334	113.52286144578329	-51.14868865076073
69.0	121.14746446892605	-25.176851661427236
69.06666666666666	121.93056996447558	0.8126301836773564
69.13333333333333	118.1677208989895	26.21016731986731
69.2	109.30814449737045	51.292971322516905
69.26666666666667	95.62025058731388	74.00708324747575
69.33333333333333	77.61185744421005	93.12181749729416
69.4	55.00707555250983	107.60466561091471
69.46666666666667	29.247657661442645	116.72525249889077
69.53333333333333	2.9220908022334697	120.61826674617373
69.6	-23.138011840158015	119.59753541788905
69.66666666666667	-48.66113811838704	113.39430277271822
69.73333333333333	-72.96462840045388	100.15888209670925
69.8	-93.9721177564802	83.01671637804384
69.86666666666666	-111.70276231108528	61.95079758176121
69.93333333333334	-123.26721003870057	39.202249982255694
70.0	-128.63029210823606	14.005276912252498
70.06666666666666	-130.69888484194416	-13.20870345446383
70.13333333333333	-125.9609946367625	-40.27723937422115
70.2	-115.76680011438384	-66.29703528350808
70.26666666666667	-100.11745678762759	-89.0940949802125
70.33333333333333	-79.39873549461413	-107.11403934904058
70.4	-54.130222635292284	-119.5563297439146
70.46666666666667	-27.697043638163905	-127.2571964956195
70.53333333333333	-0.352160804020059	-128.93419684220476
70.6	26.105480889534647	-125.60838633178832
70.66666666666667	50.601816284915	-117.90656205420828
70.73333333333333	72.40424918284953	-103.24050807676372
70.8	91.72723007957757	-84.27920051402089
70.86666666666666	107.82549728752247	-62.18538257663056
70.93333333333334	118.7742368873603	-37.05714751780761
71.0	122.52982800550853	-11.454787717279373
71.06666666666666	120.56221176470581	14.367379790217
71.13333333333333	114.05017702356236	38.74275248010656
71.2	103.5734408393239	62.649630662020854
71.26666666666667	87.8597667074821	83.46217893657695
71.33333333333333	67.68592126223166	100.75207664422578
71.4	43.21331342900248	112.76458901261367
71.46666666666667	17.53319338285428	119.40696553386351
71.53333333333333	-8.998196993638885	120.43123482720057
71.6	-34.255140251724924	117.13137986556603
71.66666666666667	-59.27965663824898	107.9362306709545
71.73333333333333	-82.1050924620281	93.71005927415172
71.8	-101.09035471084462	74.72099042558057
71.86666666666666	-116.51271344883457	51.22018230838364
71.93333333333334	-126.95400716056179	27.0449523232935
72.0	-130.53348656741582	0.9383467278989883
72.06666666666666	-128.71895144930795	-25.963590483057033
72.13333333333333	-121.21469831849663	-52.37760765076064
72.2	-109.05879190694941	-76.64251626898044
72.26666666666667	-92.37733296647866	-97.2335874225821
72.33333333333333	-69.05807055172727	-112.68965774921537
72.4	-44.10372541603647	-123.6563782170831
72.46666666666667	-16.671076146756832	-128.72302047122434
72.53333333333333	10.794588950066554	-128.49124837932948
72.6	37.72681046502089	-122.57797490688108
72.66666666666667	60.69148058681435	-112.21132904540536
72.73333333333333	81.59001006432413	-95.35738755313082
72.8	99.99390986601702	-74.60764499121274
72.86666666666666	114.25913086822538	-50.01757357923577
72.93333333333334	121.5635245445851	-23.619273869413632
73.0	121.94512755506275	2.5697949526813773
73.06666666666666	117.84373770491811	28.244548286604413
73.13333333333333	108.054693209898	52.47695920889987
73.2	94.56008624217066	74.2484595538017
73.26666666666667	76.53082736216402	94.07119968822394
73.33333333333333	54.03440893102925	108.47513302204379
73.4	28.175519522877494	117.06605922551262
73.46666666666667	1.6239240655581852	120.25994935326116
73.53333333333333	-25.388385006941235	118.40538094873955
73.6	-50.06326247351899	111.25422732362813
73.66666666666667	-73.4035248372827	99.2073260906659
73.73333333333333	-94.09919084821422	81.73982773316584
73.8	-110.2419553284119	60.28736184526679
73.86666666666666	-122.59766131304605	36.84933944622071
73.93333333333334	-129.11470142625785	10.221713870733424
74.0	-130.20722702675357	-15.318544708029208
74.06666666666666	-125.33301383347998	-41.755816184582955
74.13333333333333	-114.59929779914228	-66.29562154766131
74.2	-99.48337722185647	-89.44783115558357
74.26666666666667	-79.30312552138366	-106.32553150920012
74.33333333333333	-55.4906801403215	-120.3540231644472
74.4	-28.46679299765401	-128.4752926997245
74.46666666666667	0.9690527354071037	-128.95298984580677
74.53333333333333	28.430069930069976	-124.9529343883944
74.6	53.07415277323753	-116.05892499443576
74.66666666666667	75.16086144602764	-101.4532767667746
74.73333333333333	93.45429301833565	-83.18393086861681
74.8	108.52539469049225	-60.91810200668897
74.86666666666666	119.26730289742932	-34.41188358932902
74.93333333333334	123.04355246358682	-8.447563215143418
75.0	120.49557381225327	17.249431009957334
75.06666666666666	112.65023907666955	41.777174360240224
75.13333333333333	100.677443116713	63.81362914808369
75.2	85.38709579933516	84.71633523125683
75.26666666666667	66.05017949530156	101.72440479649754
75.33333333333333	42.04702061564535	113.62310691258062
75.4	16.57215259859936	119.86305126229445
75.46666666666667	-10.475013694012432	120.74175824175836
75.53333333333333	-36.590024113601885	116.52939118264521
75.6	-60.12362127525466	107.82426620387832
75.66666666666667	-82.95464021629368	93.7913834282565
75.73333333333333	-101.31892417819154	75.3021798365121
75.8	-116.51031212595535	53.80218964974597
75.86666666666666	-126.24715217602943	29.155131994699786
75.93333333333334	-131.3311749692789	2.97862205624574
76.0	-129.73718940566118	-22.45804282868528
76.06666666666666	-122.37998552952877	-48.57421539635607
76.13333333333333	-110.74091449715888	-72.8265224519173
76.2	-93.57909910797889	-93.61167285580063
76.26666666666667	-72.40466130264758	-110.08730920191886
76.33333333333333	-48.335146252285085	-123.08225721280792
76.4	-22.685383078567156	-128.69004457652295
76.46666666666667	6.105148113174437	-128.91512766172173
76.53333333333333	32.35791328328469	-123.63025102459017
76.6	57.21496624000656	-113.50392012175439
76.66666666666667	78.57077243314188	-98.61626600763873
76.73333333333333	95.94369796389401	-78.97722385141742
76.8	111.37542804523628	-55.602479588751066
76.86666666666666	120.66560457180458	-29.327538645708614
76.93333333333334	122.981813433041	-2.82079640761242
77.0	119.74744557974236	23.180653258545362
77.06666666666666	110.67674854939014	47.08833908995348
77.13333333333333	97.38996395370896	68.98702211554951
77.2	81.4093761380509	88.52215347508059
77.26666666666667	60.524356574637295	104.97228813559332
77.33333333333333	36.06758473352966	115.66408034829101
77.4	10.133324619305768	120.37426035502949
77.46666666666667	-16.231545046190377	119.94982816805486
77.53333333333333	-42.46924170616103	114.54821465797068
77.6	-65.60713826366555	104.45791912698996
77.66666666666667	-86.25923937077505	89.87576807940764
77.73333333333333	-104.31716257007338	71.05803926493354
77.8	-117.4206608725583	49.18270643549806
77.86666666666666	-127.24300039934315	24.930480279044787
77.93333333333334	-131.32782475019212	-1.7469679664981186
78.0	-129.26363874231401	-26.849974528782468
78.06666666666666	-121.92056560124638	-51.96746198830408
78.13333333333333	-108.99066133529755	-75.2574060007596
78.2	-92.35108098573801	-95.3070591334124
78.26666666666667	-71.59823702741846	-110.85432225942145
78.33333333333333	-48.213542875713756	-123.16373780862841
78.4	-22.50183438155136	-128.94404864892374
78.46666666666667	4.981366349923974	-129.10903040584628
78.53333333333333	31.731205490928915	-123.6550772390774
78.6	56.751815809886466	-114.19960113412458
78.66666666666667	78.99208221024264	-98.67111388668104
78.73333333333333	96.56153242091091	-79.33389873099634
78.8	111.43075539568349	-55.7790679966497
78.86666666666666	120.42299369948455	-30.28738250839683
78.93333333333334	123.03491623728019	-4.240116724324594
79.0	119.81993947091087	20.581283453742458
79.06666666666666	111.91016629242722	44.98675871781529
79.13333333333333	98.9441882251208	67.43023679417138
79.2	83.91573629637492	85.55268522647634
79.26666666666667	64.74662449249354	102.39799444003165
79.33333333333333	41.34253075571178	113.81554438933517
79.4	16.41539566755091	119.93132824151485
79.46666666666667	-9.927917268508509	121.08682759881913
79.53333333333333	-35.57233755020843	116.66163455701462
79.6	-59.40308692864346	108.27975479775182
79.66666666666667	-80.50047715177107	94.8239911202727
79.73333333333333	-99.3994544298289	77.46953203573321
79.8	-114.18395084714211	56.23247646805862
79.86666666666666	-125.04179911884444	32.32009373873336
79.93333333333334	-131.4895785510971	6.627437432826696
80.0	-131.27473370259895	-17.967010641728507
80.06666666666666	-125.44806583596801	-42.946895743850064
80.13333333333333	-114.30005738606474	-66.44659743329953
80.2	-99.45578967171468	-87.34966640672383
80.26666666666667	-80.47771401243426	-104.94843339397607
80.33333333333333	-58.011722442805876	-118.78752568755192
80.4	-32.98797776233505	-126.82844628024145
80.46666666666667	-6.423892701185196	-129.7382114923821
80.53333333333333	20.733488212011707	-126.68899975831232
80.6	45.6229702893188	-119.20630430389974
80.66666666666667	67.77258812407149	-107.49042481456513
80.73333333333333	86.87716292987557	-91.27585245984699
80.8	103.39730979557385	-69.89127093898878
80.86666666666666	115.88320727134032	-45.055654473567074
80.93333333333334	122.4707902998316	-19.080740812755153
81.0	122.58732880999469	6.574349712734261
81.06666666666666	117.39634477350864	31.124561910611646
81.13333333333333	107.52482668505672	54.126618488407075
81.2	93.21370119906805	75.60517765897748
81.26666666666667	76.13247019149708	94.42037789891901
81.33333333333333	54.07862254263	108.40950507351408
81.4	29.023823475553854	116.80551127305853
81.46666666666667	3.372724330447454	120.61760709981377
81.53333333333333	-22.06564144657432	119.1061262785106
81.6	-46.67282577349306	112.934771262298
81.66666666666667	-70.08098497406559	102.14478139702123
81.73333333333333	-90.15700925078772	86.57616817602684
81.8	-107.20590813464241	67.37380533498163
81.86666666666666	-119.82004293819955	45.32295024321627
81.93333333333334	-127.93131462333827	21.188615244284847
82.0	-130.84001728608473	-4.519498975477518
82.06666666666666	-129.0997066797031	-29.094147755582753
82.13333333333333	-120.36143406664655	-53.58565367276583
82.2	-108.7892762577228	-76.8437262016754
82.26666666666667	-92.06683123877929	-96.43203384284584
82.33333333333333	-71.84257129099569	-111.38993213246931
82.4	-48.109661610268404	-122.75959507042262
82.46666666666667	-22.321258613469354	-128.25903614457832
82.53333333333333	4.0621625998705895	-129.00749990694908
82.6	29.80089305437218	-124.39958058140098
82.66666666666667	53.20184043753807	-115.9251704303366
82.73333333333333	73.8287602552416	-102.65555555555557
82.8	92.86969128432543	-84.87192089742109
82.86666666666666	107.99532251633286	-62.12465255138807
82.93333333333334	119.25149240321844	-36.42497590232415
83.0	122.6040157804864	-9.488311760767715
83.06666666666666	120.27308026658943	16.48493788250812
83.13333333333333	112.75027055440478	41.37689373874355
83.2	101.61380194279536	63.340099649381955
83.26666666666667	86.80386487260239	83.11710424885496
83.33333333333333	67.82812861736329	100.37004044384526
83.4	45.350725940453685	112.18789697314833
83.46666666666667	20.475848754188974	118.21590145317168
83.53333333333333	-4.495661034777413	120.06441215152745
83.6	-29.29208899876403	117.72869574172273
83.66666666666667	-53.43680413987772	110.44368559789109
83.73333333333333	-75.4263208482264	98.0368174776313
83.8	-94.92149576669817	81.35270846013395
83.86666666666666	-110.5568458781363	60.29631336405532
83.93333333333334	-122.94775685727564	37.947548690396275
84.0	-129.57049369646802	14.305231200373669
84.06666666666666	-130.2735672643273	-10.786240716593966
84.13333333333333	-126.52017937219716	-35.02092819614711
84.2	-117.80263909015048	-59.84843222153495
84.26666666666667	-105.78542923885539	-82.13642964105816
84.33333333333333	-88.65281477922872	-100.60720432751418
84.4	-66.932384619387	-115.12234471632155
84.46666666666667	-42.68537847746393	-124.4641104519153
84.53333333333333	-16.231631679389466	-129.3460174695149
84.6	9.978947854744774	-128.84659782767517
84.66666666666667	34.267340983477425	-124.4174293059126
84.73333333333333	58.11393899804034	-113.70485158773693
84.8	77.58873095582612	-99.26660862577023
84.86666666666666	96.70405218726	-79.29467091206175
84.93333333333334	110.86602334450481	-56.336401142494424
85.0	120.12105979802573	-30.70059443696732
85.06666666666666	122.5752341418231	-5.325693346745197
85.13333333333333	120.0828963837489	19.253892538925356
85.2	112.57335311213365	44.331959437356886
85.26666666666667	100.7464293875687	66.82009142989409
85.33333333333333	84.51684500152851	86.46020697016093
85.4	63.896473122589214	102.78402777777774
85.46666666666667	40.492372881356005	113.06432060792486
85.53333333333333	15.336964094941777	118.90290805561926
85.6	-10.284553184394781	120.82010791937773
85.66666666666667	-35.3913603869355	117.15221785030849
85.73333333333333	-59.552542203576195	108.07018813314039
85.8	-81.59604357798162	93.26495011264888
85.86666666666666	-100.34201680672277	75.11658841940516
85.93333333333334	-115.97138880296939	53.95250535905677
86.0	-124.91708950679913	31.655561497326175
86.06666666666666	-129.30693895057902	7.176945602981618
86.13333333333333	-129.9569451272548	-18.207552275522744
86.2	-124.4528564911036	-43.93661904987903
86.26666666666667	-115.65305295389044	-67.17146257603804
86.33333333333333	-101.32390269698567	-88.71700179175787
86.4	-81.77999364373113	-104.88313025570619
86.46666666666667	-59.21821561338288	-117.60042630248608
86.53333333333333	-33.90955448201839	-125.86102502428412
86.6	-8.425614469006177	-129.37449579831934
86.66666666666667	17.006200770906617	-128.2221884498481
86.73333333333333	40.907088310162635	-122.53519220357339
86.8	63.84839340116105	-111.09596675471948
86.86666666666666	83.58277165872096	-95.00410616196223
86.93333333333334	100.63568988654379	-74.55415644237814
87.0	113.11059716103773	-52.29734305808802
87.06666666666666	120.61522675708056	-27.097584249305555
87.13333333333333	121.89657918206149	-2.3034808587507314
87.2	119.3664679756896	23.016989540137388
87.26666666666667	111.17693728282256	47.57639046824852
87.33333333333333	98.11875213630265	70.86205367937464
87.4	80.53296473479213	89.76733628152056
87.46666666666667	59.405255105043125	105.34779334813788
87.53333333333333	35.592185321333545	114.84126868921476
87.6	11.405055749425628	120.26143335799134
87.66666666666667	-13.676273420042435	121.02866687877827
87.73333333333333	-38.358201791808824	116.36177097150221
87.8	-61.97154751471135	106.6256444037117
87.86666666666666	-73.29167201060227	99.91116063362051
87.93333333333334	-91.77464346953275	84.68571084192126
88.0	-108.12489610638704	65.55585428148947
88.06666666666666	-120.27641573681194	44.09936621113093
88.13333333333333	-128.32288241741026	20.241005384189634
88.2	-132.15252170937242	-4.094977936541341
88.26666666666667	-129.07814355320806	-28.264790076335885
88.33333333333333	-121.21004184100411	-52.01450495243307
88.4	-109.4438706988376	-74.20473802196125
88.46666666666667	-93.05562884784513	-94.02849257244907
88.53333333333333	-73.70129166486049	-109.6389070743636
88.6	-51.71662834889503	-121.94900258743007
88.66666666666667	-26.900705329153652	-127.98977664447284
88.73333333333333	-0.9664830447845816	-128.97338341706222
88.8	24.650301133679704	-125.37188181157671
88.86666666666666	48.93151198825626	-118.31875779659902
88.93333333333334	68.76170403587457	-105.65894924309885
89.0	87.28378378378375	-89.6565049247688
89.06666666666666	103.38540722517155	-69.6789867109635
89.13333333333333	115.6855937465757	-45.82942729378806
89.2	122.18565094561723	-20.999099739398275
89.26666666666667	122.56134655279266	4.025404636272015
89.33333333333333	117.44476255679342	28.87059771612769
89.4	108.11465215098792	52.04892511705805
89.46666666666667	95.30551920672315	73.39352601741257
89.53333333333333	79.0128131896663	91.71702800864546
89.6	57.864308703690995	106.51874486160591
89.66666666666667	34.112357351479886	115.85542220317188
89.73333333333333	9.563373913043506	120.63108115604382
89.8	-16.113375394321793	120.52737116502908
89.86666666666666	-40.07944671607447	116.30906867694239
89.93333333333334	-63.446291490972044	106.53269650333141
90.0	-84.51623511492653	92.32312111852798
90.06666666666666	-102.4382703923784	73.79997401922583
90.13333333333333	-117.69507035776678	52.88992717381768
90.2	-127.52969847170607	30.476901987662814
90.26666666666667	-131.04986243470648	5.693023487261144
90.33333333333333	-130.04363370600095	-19.025201150623275
90.4	-125.04073571656545	-43.44149654125192
90.46666666666667	-115.61538955754486	-66.3309807177784
90.53333333333333	-101.74271800883753	-86.82890494719288
90.6	-82.95006490890364	-103.87819890688047
90.66666666666667	-61.163611179010786	-116.47018394986867
90.73333333333333	-36.678490068342626	-124.61120772946856
90.8	-11.036999635797656	-127.85944196623814
90.86666666666666	13.693579907353751	-127.03451800597577
90.93333333333334	37.52358353861746	-122.17929985908177
91.0	58.76961707470173	-112.44411805846971
91.06666666666666	78.91627302786947	-97.1540310650887
91.13333333333333	96.42274947861597	-78.4238605898123
91.2	110.34537996850258	-57.21744128968919
91.26666666666667	119.07612738261287	-32.611040959671755
91.33333333333333	122.34969492405571	-8.530242873538214
91.4	120.20584412458493	15.28489090160565
91.46666666666667	113.97988372377063	39.04906323185014
91.53333333333333	103.90864211606436	61.921107784431115
91.6	89.14367608790872	81.68307320081612
91.66666666666667	70.24715503096377	97.87129535592294
91.73333333333333	47.91725447639715	110.14443170796221
91.8	23.24501816580414	117.678092217614
91.86666666666666	-1.8674302347656067	121.07862948493425
91.93333333333334	-27.045366232756805	119.43561874648958
92.0	-52.002002630320476	111.81449655544384
92.06666666666666	-74.14403418803431	100.03324960338432
92.13333333333333	-94.20476772616121	83.40691694523002
92.2	-109.7194484936831	64.50762230691453
92.26666666666667	-121.00984251968521	44.58313525749861
92.33333333333333	-127.46412110616666	21.052296007246923
92.4	-130.43747874872497	-2.8196135118685106
92.46666666666667	-128.7447286855545	-27.64995711641768
92.53333333333333	-123.08470210904852	-51.73467719199323
92.6	-112.6903369534948	-73.60926081226785
92.66666666666667	-97.76816454805567	-91.95866509387588
92.73333333333333	-77.28801595482446	-107.06108961342477
92.8	-54.4424478602873	-118.69060783942427
92.86666666666666	-31.220356768100828	-127.03619588360539
92.93333333333334	-6.725779076894014	-130.36946311815086
93.0	17.96089493328759	-128.7088933751262
93.06666666666666	41.22255497382184	-121.94117210315301
93.13333333333333	63.563136239491996	-109.66790524849046
93.2	83.46527159394464	-94.26341176470589
93.26666666666667	99.56970857197098	-75.73316825604707
93.33333333333333	111.83365710080943	-54.8606446868489
93.4	119.79189318835961	-30.982268182100484
93.46666666666667	122.41868781930634	-7.184794512652047
93.53333333333333	120.92846838182254	17.36708103609692
93.6	114.33269740998094	41.71825916230364
93.66666666666667	102.59808755222252	63.23129732173129
93.73333333333333	86.86006618863757	82.52100679856403
93.8	68.57226684748593	98.6008531252678
93.86666666666666	47.135801018409666	110.74691689008046
93.93333333333334	23.573299748110912	118.5278957686653
94.0	-0.6338981729345505	121.8078845619807
94.06666666666666	-25.759097224275138	119.60866137970561
94.13333333333333	-50.27646882830322	112.16232440708018
94.2	-73.2363421430382	100.31078087502306
94.26666666666667	-91.4518405458789	85.30196281816006
94.33333333333333	-107.33521984384925	67.06259131103434
94.4	-119.59987669543762	45.22577328068439
94.46666666666667	-127.31648562964506	21.19829080025204
94.53333333333333	-131.010176443275	-3.912640901771283
94.6	-129.9746429676793	-29.64512015035575
94.66666666666667	-122.20173455636223	-52.762817877488715
94.73333333333333	-110.09475986874804	-74.16410216956456
94.8	-93.94961729329634	-92.68233295583241
94.86666666666666	-74.11660278003637	-107.66852575202347
94.93333333333334	-53.05258881911186	-120.54432086981774
95.0	-29.871489990595137	-128.08981337480554
95.06666666666666	-5.31841807435967	-130.22075936464785
95.13333333333333	19.984942210646295	-127.70605895196513
95.2	44.480213703522395	-119.77849016399682
95.26666666666667	65.96630819916709	-109.0290781806093
95.33333333333333	84.14374526494066	-93.88430456160847
95.4	98.9419536938558	-74.98019853709502
95.46666666666667	111.81095176010422	-53.99894398069
95.53333333333333	120.72738285714286	-29.20798295898112
95.6	123.36080612539718	-4.650999693971244
95.66666666666667	120.9474635725851	19.442550067865113
95.73333333333333	113.42131770668357	42.636427566807356
95.8	101.8855598070204	63.463921568627484
95.86666666666666	87.55471186440673	82.26830537529077
95.93333333333334	69.69424748271786	98.57263031060347
96.0	47.99389389827547	111.06113322947317
96.06666666666666	24.54898917649598	118.38265938451832
96.13333333333333	-0.3862199747154591	120.49449687179595
96.2	-25.26081670600024	118.55736864189475
96.26666666666667	-48.86450403363256	112.03640007849071
96.33333333333333	-71.34879920846697	100.65820105820103
96.4	-91.4632790402809	84.7345879299155
96.46666666666667	-107.76279424378163	64.7279732768884
96.53333333333333	-119.6337668834417	42.159906684529005
96.6	-128.12454321407313	18.949026706542895
96.66666666666667	-131.08550289513187	-5.5139617018928675
96.73333333333333	-128.41527028696123	-29.722610669693495
96.8	-120.66618188869506	-52.87805432670439
96.86666666666666	-109.024835351604	-75.52561181242311
96.93333333333334	-94.06744620309428	-94.32118890105176
97.0	-74.36462319081693	-109.7598914858097
97.06666666666666	-52.3050826134363	-120.50186590899455
97.13333333333333	-29.098049631934373	-127.20252362059796
97.2	-3.5456908831909004	-129.1097483020376
97.26666666666667	21.95679048341026	-126.44553404122416
97.33333333333333	44.197565395524634	-119.85581501831507
97.4	65.4067554284693	-109.53280618250676
97.46666666666667	84.27030404775223	-94.15300691857374
97.53333333333333	99.90265284342127	-74.91970528977208
97.6	113.02403555515752	-52.43111617917316
97.66666666666667	120.98222287985118	-27.923351523419797
97.73333333333333	122.80742158905332	-4.836195371223198
97.8	119.7600223835625	19.299065944330323
97.86666666666666	112.977140051285	42.19222151572956
97.93333333333334	102.36858859718154	64.39938702177142
98.0	86.96117301178128	83.38955499688427
98.06666666666666	68.13169243374932	99.23237953672742
98.13333333333333	45.67101698098031	110.84274948817347
98.2	21.69437885158095	118.3435319260293
98.26666666666667	-2.8088276716803193	120.58546455885289
98.33333333333333	-27.62978074221246	118.35156204492932
98.4	-51.844585851953525	111.06633757685995
98.46666666666667	-74.05478598545233	99.40870007548165
98.53333333333333	-93.82860087016252	82.1200116346713
98.6	-110.47368792325051	62.22752306209554
98.66666666666667	-122.22384283375504	40.69594594594594
98.73333333333333	-127.77717474392284	17.395225253807098
98.8	-130.4767651477216	-8.088807991872727
98.86666666666666	-128.0458377706782	-32.4395156067867
98.93333333333334	-120.27609884196477	-57.24806697974486
99.0	-108.9295222600208	-78.97589833479401
99.06666666666666	-91.96450729927005	-97.65075661767912
99.13333333333333	-70.18149187226663	-112.02320633833813
99.2	-46.18692417934881	-122.81713772992373
99.26666666666667	-21.938312937735645	-128.89324189849867
99.33333333333333	2.8075534931683706	-130.0769953697336
99.4	28.10504557981767	-126.5069612298173
99.46666666666667	50.81056917575074	-117.8420077835608
99.53333333333333	72.26669691112079	-103.97501640573728
99.6	91.06696927833696	-86.16503526147449
99.66666666666667	106.12886162775362	-66.0690681411611
99.73333333333333	116.4387813009862	-43.125508459588445
99.8	121.33015974139357	-18.90649977684916
99.86666666666666	121.57286151311928	4.961492358405735
99.93333333333334	117.74052842774518	29.40072388831436
100.0	109.3067028687401	52.6805420742179
100.06666666666666	95.347265162241	73.70733402410974
100.13333333333333	78.31220657276981	91.38506213180062
100.2	57.74505738516291	105.0530928740884
100.26666666666667	35.55419321947488	114.76986376021796
100.33333333333333	11.73573862387343	120.47462617947758
100.4	-13.252180819932619	120.97736307183231
100.46666666666667	-38.28204671518006	116.23091340892688
100.53333333333333	-62.12967168765226	106.1523070369285
100.6	-83.62851305561094	91.74969756709515
100.66666666666667	-100.9910685287432	74.71510388258048
100.73333333333333	-114.62571303203163	54.564495393186235
100.8	-123.96906210538395	31.873748927652287
100.86666666666666	-129.21062461091515	5.8447040764114035
100.93333333333334	-131.12758986219524	-20.569402035623398
101.0	-126.06006079623467	-45.77582483503306
101.06666666666666	-115.80482147511066	-68.86280542445786
101.13333333333333	-100.39039235412474	-87.82943579269852
101.2	-80.76959889596219	-104.09386189258316
101.26666666666667	-58.62371288989107	-116.60959251893541
101.33333333333333	-35.75295035404247	-125.9446318405752
101.4	-12.09369717459549	-130.75771847200417
101.46666666666667	12.781672177609835	-129.5922228560563
101.53333333333333	37.33124031639909	-122.78082706766918
101.6	60.12897234832849	-112.4051964398094
101.66666666666667	79.8649978605049	-97.375
101.73333333333333	95.91105760781693	-79.90606369426746
101.8	109.11633272616882	-58.925539582749366
101.86666666666666	118.13398354160313	-35.5383512251085
101.93333333333334	122.4265793828481	-11.030208333333348
102.0	121.64541571950122	13.175071712778731
102.06666666666666	115.81262489112055	36.55695177386485
102.13333333333333	104.94284957938703	59.02285655940955
102.2	90.70065263945071	78.24813062397016
102.26666666666667	73.52240066454397	94.9812543360622
102.33333333333333	53.15411309276942	108.64456106870239
102.4	29.80852006253258	117.4323848698159
102.46666666666667	5.412366865594777	121.05322251385246
102.53333333333333	-19.586232790988788	119.57263633036473
102.6	-44.46695479231994	113.69338414443678
102.66666666666667	-67.50922314746504	102.81501507537678
102.73333333333333	-87.63507828932006	89.1399834093736
102.8	-104.28352075482894	71.7770956041395
102.86666666666666	-117.3868059133606	50.630709833472906
102.93333333333334	-126.0531876248715	27.080067927206414
103.0	-130.93334382446847	1.0236023012244004
103.06666666666666	-130.9620819129491	-24.166997307637757
103.13333333333333	-124.00406281384085	-47.86934407120907
103.2	-112.93305005489356	-70.31971512730502
103.26666666666667	-97.57312479225902	-90.48581873694366
103.33333333333333	-78.17545206094883	-106.5698039531419
103.39999999999999	-56.20874847605819	-119.38303815008885
103.46666666666667	-32.334172367798146	-127.45793816642549
103.53333333333333	-6.566371141567288	-130.1559950746498
103.6	19.83599603690618	-126.28079270098942
103.66666666666667	43.9098978867205	-119.31212327285084
103.73333333333333	65.72613032134495	-108.25502008032129
103.8	84.30077773377025	-92.46198418051381
103.86666666666666	99.50429491768091	-73.35103895413727
103.93333333333334	112.6542061250484	-50.99312747730471
104.0	121.15915348910403	-27.138901366874165
104.06666666666666	122.85522480032228	-2.3291145024215893
104.13333333333333	119.80863993969933	21.93114113857291
104.2	112.28249132279211	45.03012005649714
104.26666666666667	100.65356188526926	65.92873983992058
104.33333333333333	85.83191489361707	84.76053476472362
104.39999999999999	67.27166204856053	101.10653082746421
104.46666666666667	44.45216306156408	112.83981194610578
104.53333333333333	20.526304347826226	119.27915584573202
104.6	-3.9601028375545866	121.34175348461076
104.66666666666667	-28.1508068138628	118.72085710106785
104.73333333333333	-51.40458039925056	111.56942111745593
104.8	-73.07356294953524	100.53452793385532
104.86666666666666	-92.32764694370144	84.67634038366941
104.93333333333334	-108.24808384170183	65.71536923545
105.0	-120.91771903100584	44.467105616769686
105.06666666666666	-128.28389079920817	20.843659495242036
105.13333333333333	-130.81823027718565	-3.9283998198108065
105.2	-128.2028793833133	-28.358178679326784
105.26666666666667	-120.80018010806498	-52.62303066237507
105.33333333333333	-108.82493762623267	-75.92125877380067
105.39999999999999	-92.34781493032256	-95.86907524030494
105.46666666666667	-71.29287760949637	-111.24394665555326
105.53333333333333	-47.93955454732941	-121.97278247668623
105.6	-23.717499426122913	-127.23938506588581
105.66666666666667	1.5875777037470016	-128.20883730003902
105.73333333333333	26.30366364270776	-125.27675246213687
105.8	49.58664273860518	-117.21023335474206
105.86666666666666	70.02029490724044	-105.0949782874959
105.93333333333334	88.4434945999933	-88.55048489444061
106.0	104.27574895494672	-68.75620967993268
106.06666666666666	115.24649991566048	-46.13899552865723
106.13333333333333	121.3691668607812	-22.291572976287853
106.2	121.95771771771774	1.1473064549250012
106.26666666666667	118.24527902671252	24.530367590943797
106.33333333333333	111.32759031550859	47.72336366304671
106.39999999999999	99.89454567993062	68.75084662776953
106.46666666666667	84.43870794768372	87.35771279610117
106.53333333333333	64.74153818434525	102.16096639490956
106.6	42.46392333709127	112.82208470534806
106.66666666666667	18.458578542326904	119.15709054744366
106.73333333333333	-5.154378007633113	121.5240188945827
106.8	-29.33197250668877	119.09012304274006
106.86666666666666	-52.81769638673086	111.43160398527971
106.93333333333334	-74.83753994256358	99.52454634146352
107.0	-94.16649369518973	83.09638554216872
107.06666666666666	-110.09182204775925	64.89045264359083
107.13333333333333	-121.30735736528209	44.1822489310066
107.2	-127.75033157755115	21.103327642194813
107.26666666666667	-130.7433585487397	-4.725159914712208
107.33333333333333	-129.5785924225952	-29.61046295805272
107.39999999999999	-122.0901632054074	-54.65280474366375
107.46666666666667	-110.59852758389889	-76.61243902439026
107.53333333333333	-93.8159169227904	-95.1482463208788
107.6	-72.36638911541263	-109.37762714583664
107.66666666666667	-49.16758851570171	-120.56176954376247
107.73333333333333	-25.371707317073287	-127.78045555365975
107.8	-0.8261352810416156	-130.03152649715935
107.86666666666666	24.1025671842699	-126.73219682910019
107.93333333333334	47.805329637875275	-118.98950107131918
108.0	69.83972059978828	-105.21574277117656
108.06666666666666	89.09321594188805	-88.1852467187241
108.13333333333333	103.7912502885788	-68.65355425142297
108.2	114.96947362918809	-46.32004983568663
108.26666666666667	120.88808493566785	-22.29262706318616
108.33333333333333	122.07114363494247	2.166434447982965
108.39999999999999	119.25792257873127	26.55917801615044
108.46666666666667	111.09541626592227	49.624312937359264
108.53333333333333	97.90392865750778	70.49892546644514
108.6	81.96507232299882	87.96698740420197
108.66666666666667	62.841613898360265	102.32925466994902
108.73333333333333	41.22610570654888	112.87384849638374
108.8	17.728485974532077	119.8233606329045
108.86666666666666	-6.954625974288774	121.60490175955829
108.93333333333334	-31.88121827411169	118.2124663963184
109.0	-55.54723119186474	110.1330980501782
109.06666666666666	-77.61528031435046	96.76825031928479
109.13333333333333	-94.86611369166121	82.22597990245049
109.2	-109.73441821695133	63.38627004768114
109.26666666666667	-120.43516379843186	42.22189092486178
109.33333333333333	-127.85264541195284	18.79907471132526
109.39999999999999	-131.6412482806054	-6.2435943920716
109.46666666666667	-130.23711913728175	-31.078340114820776
109.53333333333333	-122.34131173765263	-54.12546614327766
109.6	-109.65311874886356	-75.37457434733255
109.66666666666667	-92.21727672035149	-93.92851565888782
109.73333333333333	-73.29006260823235	-109.5590594239884
109.8	-50.9721978275943	-121.43700601069622
109.86666666666666	-26.935811555242253	-128.40613603932138
109.93333333333334	-0.9142638428170358	-129.78319980073888
110.0	25.499720894532857	-125.38443269403115
110.06666666666666	49.82414264893964	-116.4036941160009
110.13333333333333	70.30258620689665	-104.15070938215104
110.2	87.60407909338528	-88.31376184590022
110.26666666666667	102.46020804612112	-69.1218599087324
110.33333333333333	114.0349110974862	-47.43767338077441
110.39999999999999	121.6203090254694	-23.189764591555445
110.46666666666667	122.9027813070295	0.8612028923047319
110.53333333333333	119.46645531321519	24.791927075833087
110.6	111.07328807473277	46.85668630502448
110.66666666666667	99.2736287445025	67.50481103815537
110.73333333333333	85.09575709360911	85.634084110505
110.8	67.39557000265859	101.2425467739115
110.86666666666666	45.635931184067886	112.50203944242048
110.93333333333334	22.30450275348221	119.12615541877813
111.0	-1.7621126974484014	121.50168252799835
111.06666666666666	-25.906562539898687	119.5126332967559
111.13333333333333	-48.988652578650544	113.58770581453791
111.2	-70.3421496250653	103.27751877751871
111.26666666666667	-89.35463754538	88.85472106444377
111.33333333333333	-106.42999707915487	70.63662046650893
111.39999999999999	-119.50857559385986	50.20121711817819
111.46666666666667	-127.9698000341823	27.767546270844832
111.53333333333333	-131.32691189299203	3.719278346102783
111.6	-130.08205846441138	-19.782976226693904
111.66666666666667	-123.70842445980225	-43.80029822362451
111.73333333333333	-114.73541633370633	-66.98861735736853
111.8	-100.99377308253884	-87.13823157074694
111.86666666666666	-82.15633201370042	-103.80423913621621
111.93333333333334	-60.29763788644868	-117.62064666613048
112.0	-35.99078004314242	-125.06639232988289
112.06666666666666	-10.9987061867796	-128.5720817643894
112.13333333333333	14.177145456383187	-127.7674198686044
112.2	37.45431853158652	-121.85654049813684
112.26666666666667	59.22750446087184	-111.9079759333539
112.33333333333333	79.06648493109196	-96.87262074524142
112.39999999999999	96.63430737422459	-78.02475324172633
112.46666666666667	110.62155210539777	-56.51320624395635
112.53333333333333	119.47983107461232	-33.16387784472033
112.6	122.17208679346368	-8.58335071669103
112.66666666666667	120.27354396319765	14.903077172898179
112.73333333333333	114.2897092847802	38.68250222497909
112.8	104.29954835281615	60.74958612166847
112.86666666666666	90.15214781376812	80.44099539430408
112.93333333333334	72.55713353682677	96.24009058636307
113.0	51.67359109301037	108.667030091583
113.06666666666666	28.836982216241722	116.68021910199059
113.13333333333333	5.650364349775828	120.88377442718547
113.2	-17.977777502661866	120.61018346296919
113.26666666666667	-42.18219207579659	115.08020645894499
113.33333333333333	-65.19385242019507	105.44521870286576
113.39999999999999	-85.54136777714211	90.75677211964421
113.46666666666667	-103.26370294083995	73.3403396364015
113.53333333333333	-116.12527692794583	53.48003629764071
113.6	-124.6952824805021	33.03266383153152
113.66666666666667	-128.87424299772897	9.24486500452133
113.73333333333333	-131.01183444524713	-15.116543937162533
113.8	-127.10102279622083	-39.57935191329352
113.86666666666666	-119.25361914071595	-63.14233002661513
113.93333333333334	-111.97285244198133	-72.05176071277049
114.0	-97.00064164260493	-91.9130989746809
114.06666666666666	-78.44014231896199	-107.20266272189349
114.13333333333333	-57.46185298764067	-119.80398449800168
114.2	-33.5457165975522	-127.35250843644542
114.26666666666667	-8.0424101533049	-129.545914817964
114.33333333333333	16.963944783056377	-127.98809248554915
114.39999999999999	39.72272785267728	-122.37141212095366
114.46666666666667	61.2719158132104	-111.14123511492653
114.53333333333333	80.25078291653426	-95.86537251986965
114.6	97.97359384657648	-76.47907704341026
114.66666666666667	111.74839620220678	-53.8881621975147
114.73333333333333	120.6543531767552	-29.813916166749436
114.8	122.48745361371266	-5.901682918679171
114.86666666666666	119.95562658775589	17.016816277678004
114.93333333333334	113.71399351534797	39.62021737069915
115.0	103.8870464928782	61.38395703977176
115.06666666666666	90.22757655135047	79.85662408631288
115.13333333333333	72.89851065398511	96.434505606524
115.2	52.52615689305367	108.23181184816121
115.26666666666667	30.149599520922266	115.879451991922
115.33333333333333	7.661757042577392	120.2189443254374
115.39999999999999	-15.499593020298107	120.38578468305195
115.46666666666667	-38.593868117581906	116.16608295293554
115.53333333333333	-61.18152049461878	106.83850499599475
115.6	-81.50014726456084	93.92042631498225
115.66666666666667	-99.01597607629719	76.78276840874923
115.73333333333333	-113.98413931345522	58.2302946212435
115.8	-122.36025214081837	38.27726198864343
115.86666666666666	-127.6546625277906	16.262697811902967
115.93333333333334	-130.2197223255239	-8.004279156617145
116.0	-129.04740382594082	-31.9807246313394
116.06666666666666	-122.47063136617658	-55.24864274920242
116.13333333333333	-111.04503239121709	-76.6831955011578
116.2	-95.21143508364503	-94.04555111753211
116.26666666666667	-74.40716790881197	-107.70337458627137
116.33333333333333	-53.284805324688705	-119.13937208315656
116.39999999999999	-30.918704229861305	-127.48905621127847
116.46666666666667	-6.695573371998762	-131.02443203452208
116.53333333333333	17.122470489038733	-128.97366167023551
116.6	40.545529000074566	-121.85306704707568
116.66666666666667	63.179205155064665	-110.66378675674503
116.73333333333333	82.64714808406825	-95.7143973030752
116.8	97.28600371994162	-78.16356233620365
116.86666666666666	109.81397386625667	-57.354439399463104
116.93333333333334	118.59709569148572	-33.62231289344834
117.0	122.534549236467	-10.448094792983966
117.06666666666666	121.8377383379302	14.232346121416526
117.13333333333333	116.40483771569438	36.88340448875431
117.2	105.66241369871341	58.984058625850594
117.26666666666667	91.64968851972708	77.034076536165
117.33333333333333	75.4665906747	93.7706161258252
117.39999999999999	55.79109501708581	107.15146041675848
117.46666666666667	33.50033419023134	116.11053631130198
117.53333333333333	9.960957241862388	120.80664274306446
117.6	-13.660396280313762	120.4515661252899
117.66666666666667	-37.45318833631177	116.00183956742285
117.73333333333333	-59.76653864242053	107.2188031591736
117.8	-79.68878144865266	95.25692634131565
117.86666666666666	-96.44109657947683	80.10140731700994
117.93333333333334	-110.48568265119115	61.945528253238535
118.0	-121.16180409140134	40.06986089644511
118.06666666666666	-128.50282868035902	18.286150301168277
118.13333333333333	-131.3674115934582	-5.885819358634876
118.2	-129.08178224345238	-28.161872788313303
118.26666666666667	-122.11418979046994	-50.16314334802428
118.33333333333333	-110.92451925082378	-71.50594888654064
118.39999999999999	-97.0514610016105	-91.0145003054588
118.46666666666667	-79.44994303076328	-105.96006346173533
118.53333333333333	-59.13514476614682	-119.03186890914799
118.6	-36.4570652578318	-126.6818903291637
118.66666666666667	-12.099525128611049	-129.59158206429788
118.73333333333333	11.409139447236157	-128.2093051050026
118.8	34.48410705316792	-123.90507383917407
118.86666666666666	55.65231104061377	-115.21202007796228
118.93333333333334	74.16671221022898	-102.67976300046018
119.0	91.00251237984276	-85.96691439828078
119.06666666666666	106.09532666821679	-66.04620453745156
119.13333333333333	116.85060834420915	-43.29823568805864
119.2	121.54839906836287	-19.641009595327546
119.26666666666667	121.98009064422149	4.413961833306189
119.33333333333333	117.96893705414504	27.90642484680086
119.39999999999999	109.7323520279997	50.17441921512011
119.46666666666667	97.93121919614964	70.71949908882766
119.53333333333333	82.82614891343064	88.18514447592065
119.6	64.47660228692212	102.31675288894166
119.66666666666667	43.49852560532099	112.36796657381615
119.73333333333333	21.279057985698955	118.26286418321502
119.8	-0.7295540461627752	120.76239611354231
119.86666666666666	-23.834904529839378	119.8110399820307
119.93333333333334	-45.799269730199285	113.54977357511916
120.0	-67.63938069765686	103.66094107188201
120.06666666666666	-87.73243870112674	90.0518596413549
120.13333333333333	-103.35662839469569	73.5159495970031
120.2	-115.05091951750046	55.46610169491521
120.26666666666667	-123.69280205655514	35.62458817992331
120.33333333333333	-129.050480413895	13.554790192113273
120.39999999999999	-131.37193734971083	-9.329893582715272
120.46666666666667	-129.01900126267765	-32.32872313527173
120.53333333333333	-123.08069188820718	-54.12360132615004
120.6	-111.3181602279924	-74.22070872179847
120.66666666666667	-96.1170412718302	-91.85709664898434
120.73333333333333	-77.29910492292402	-106.16755206528853
120.8	-57.180264413729674	-118.2200753694093
120.86666666666666	-35.88451080998129	-126.5719375379017
120.93333333333334	-13.629132716181175	-130.21311333043855
121.0	9.912392638036863	-130.10416210295728
121.06666666666666	33.397632222365246	-123.90905200624275
121.13333333333333	55.54489630942385	-114.43246363426465
121.2	74.53634289439378	-101.13083791208783
121.26666666666667	90.9364682154328	-85.81360146571274
121.33333333333333	104.48757955245333	-66.84130224336036
121.39999999999999	115.06854198539395	-45.734409977614405
121.46666666666667	121.7005458014346	-22.19565331928345
121.53333333333333	123.20138975523332	1.4493195564516554
121.6	119.24975261705117	24.373577296489884
121.66666666666667	111.67875823193026	45.76009103871888
121.73333333333333	100.09848167539258	65.69838271750677
121.8	85.91790251790235	83.93115906409753
121.86666666666666	69.15882965135529	99.17785084441789
121.93333333333334	48.42534256595309	110.39359474440562
122.0	26.136353376033412	117.50191766811554
122.06666666666666	2.2587680425424423	120.69317614905754
122.13333333333333	-20.97689456169178	119.52216396568156
122.2	-42.82587736212872	114.99934172867779
122.26666666666667	-64.63171133535343	105.58493450394099
122.33333333333333	-84.25086052399502	93.3157751586582
122.39999999999999	-100.77727945256152	76.46555084745751
122.46666666666667	-114.43962011173198	57.05811691469705
122.53333333333333	-124.16551300658693	36.285704523711956
122.6	-129.81352559178822	15.055830170359286
122.66666666666667	-130.91601135448218	-7.697965571205032
122.73333333333333	-128.19524851870028	-30.951513200257523
122.8	-122.13892094059611	-52.773131387195804
122.86666666666666	-111.33086610233113	-73.63723399529079
122.93333333333334	-97.68968830560107	-91.63835291841963
123.0	-79.48345971169056	-106.42441157316966
123.06666666666666	-58.58133690428144	-117.29177021139253
123.13333333333333	-36.092751881601544	-125.13934303844712
123.2	-13.201073574312886	-129.46605153203336
123.26666666666667	9.238986673791715	-129.35506696513266
123.33333333333333	32.1303052694775	-124.97409854115062
123.39999999999999	53.066494806278115	-115.79539581865163
123.46666666666667	72.87677905095279	-102.743177613321
123.53333333333333	90.24926066751163	-86.35512690355336
123.6	103.6097812301839	-68.06636489182142
123.66666666666667	114.36842105263167	-46.57868535524403
123.73333333333333	120.21660904085024	-24.71892404313303
123.8	122.58756104853978	-2.1647219319632995
123.86666666666666	120.09345478346245	21.2358316367596
123.93333333333334	113.47054717106585	43.96223336431024
124.0	101.80319477842659	64.45762455201657
124.06666666666666	86.45181227223475	82.78238146130388
124.13333333333333	68.45059758725893	98.93409229695544
124.2	48.027968204006356	110.12280778482409
124.26666666666667	26.185708849620823	118.20714210802316
124.33333333333333	3.1573069711139397	121.25948590063308
124.39999999999999	-20.561621221608675	120.0916369733809
124.46666666666667	-42.75681281511265	114.99749016710484
124.53333333333333	-64.79827509514143	105.01169072338985
124.6	-82.97159166777942	93.2580913490624
124.66666666666667	-99.02347151239837	78.0416400328736
124.73333333333333	-112.23105409105256	59.31419900680521
124.8	-123.17299892393021	39.676468033356514
124.86666666666666	-129.216796875	17.12459843965121
124.93333333333334	-132.24627083409314	-5.421764083975177
125.0	-130.8397369054303	-27.472103004291853
125.06666666666666	-123.24699620998308	-48.64155329039954
125.13333333333333	-113.32776073008404	-69.2572049365549
125.2	-99.78082922824296	-87.83760524242052
125.26666666666667	-83.8183571229772	-103.15776840267677
125.33333333333333	-64.0003722730994	-115.82047691785465
125.39999999999999	-43.09976070632888	-124.45032346413564
125.46666666666667	-19.168213620223014	-128.75311429461226
125.53333333333333	4.383653759364734	-129.362862087812
125.6	27.245258540804343	-124.75806312521559
125.66666666666667	48.82662150529586	-118.09192943537732
125.73333333333333	67.61105225320671	-107.24841190237385
125.8	84.40144571130486	-91.67179854397898
125.86666666666666	100.10278351201987	-73.99771344661212
125.93333333333334	112.27959759067016	-53.158171000314724
126.0	120.25024392313253	-29.982337797361197
126.06666666666666	121.7146147569033	-7.412705298112314
126.13333333333333	120.14668100615404	15.599854026117441
126.2	114.41102446827108	38.24627519719547
126.26666666666667	104.8070335000757	59.554287855050916
126.33333333333333	91.4069772635903	78.88849271652339
126.39999999999999	74.90440398052078	94.51456892979422
126.46666666666667	54.460617376151276	107.74309369279399
126.53333333333333	32.58911569062229	115.9215244326524
126.6	10.138615379373732	120.82123371284797
126.66666666666667	-12.676355692623929	121.35618271332555
126.73333333333333	-36.05082800058608	117.60089993042948
